V,eps,alpha,AR
0.2,0.6,0.0,0.7230540443311171
0.2,0.6,0.005,0.7318083778492366
0.2,0.6,0.01,0.736856109816819
0.2,0.6,0.015,0.7406399704567981
0.2,0.6,0.02,0.7437260334813571
0.2,0.6,0.025,0.7463556870908628
0.2,0.6,0.03,0.7486582020568269
0.2,0.6,0.035,0.7507122331331364
0.2,0.6,0.04,0.7525697659067259
0.2,0.6,0.045,0.7542672330500738
0.2,0.6,0.05,0.7558313071693464
0.2,0.6,0.055,0.7572821888407475
0.2,0.6,0.06,0.7586355974464042
0.2,0.6,0.065,0.7599040398921257
0.2,0.6,0.07,0.7610976530014143
0.2,0.6,0.075,0.7622247823164883
0.2,0.6,0.08,0.7632923917553638
0.2,0.6,0.085,0.7643063607851077
0.2,0.6,0.09,0.7652717040081007
0.2,0.6,0.095,0.7661927371170156
0.2,0.6,0.1,0.7670732045694575
0.2,0.6,0.105,0.7679163789041085
0.2,0.6,0.11,0.7687251378913927
0.2,0.6,0.115,0.769502028158873
0.2,0.6,0.12,0.7702493147637626
0.2,0.6,0.125,0.7709690223287948
0.2,0.6,0.13,0.7716629686556723
0.2,0.6,0.135,0.7723327926195328
0.2,0.6,0.14,0.772979978027992
0.2,0.6,0.145,0.7736058738387501
0.2,0.6,0.15,0.7742117053986276
0.2,0.6,0.155,0.7747985935737501
0.2,0.6,0.16,0.7753675671015867
0.2,0.6,0.165,0.7759195715195719
0.2,0.6,0.17,0.7764554773085534
0.2,0.6,0.175,0.7769760887318512
0.2,0.6,0.18,0.7774821500817128
0.2,0.6,0.185,0.7779743518686805
0.2,0.6,0.19,0.7784533357112969
0.2,0.6,0.195,0.778919699290339
0.2,0.6,0.2,0.7793739999514614
0.2,0.6,0.205,0.7798167585839879
0.2,0.6,0.21,0.7802484626952506
0.2,0.6,0.215,0.7806695693103971
0.2,0.6,0.22,0.7810805074067652
0.2,0.6,0.225,0.7814816803144368
0.2,0.6,0.23,0.7818734672256754
0.2,0.6,0.235,0.7822562262702536
0.2,0.6,0.24,0.7826302953151871
0.2,0.6,0.245,0.7829959934947456
0.2,0.6,0.25,0.7833536225947555
0.2,0.6,0.255,0.783703468430103
0.2,0.6,0.26,0.7840458018805065
0.2,0.6,0.265,0.7843808800510135
0.2,0.6,0.27,0.7847089470582838
0.2,0.6,0.275,0.7850302351328795
0.2,0.6,0.28,0.7853449648114716
0.2,0.6,0.285,0.7856533465413664
0.2,0.6,0.29,0.7859555807673241
0.2,0.6,0.295,0.7862518586370076
0.2,0.6,0.3,0.7865423626832722
0.2,0.6,0.305,0.7868272672233467
0.2,0.6,0.31,0.7871067389141378
0.2,0.6,0.315,0.7873809371556785
0.2,0.6,0.32,0.787650014574019
0.2,0.6,0.325,0.7879141173703855
0.2,0.6,0.33,0.7881733856489048
0.2,0.6,0.335,0.7884279538059202
0.2,0.6,0.34,0.7886779508112894
0.2,0.6,0.345,0.788923500473437
0.2,0.6,0.35,0.7891647217814693
0.2,0.6,0.355,0.7894017290909572
0.2,0.6,0.36,0.7896346323959516
0.2,0.6,0.365,0.7898635375148899
0.2,0.6,0.37,0.7900885463607938
0.2,0.6,0.375,0.7903097570500834
0.2,0.6,0.38,0.7905272641807223
0.2,0.6,0.385,0.790741158915178
0.2,0.6,0.39,0.7909515292155641
0.2,0.6,0.395,0.7911584599256603
0.2,0.6,0.4,0.7913620326961466
0.2,0.6,0.405,0.7915623271893771
0.2,0.6,0.41,0.7917594195845108
0.2,0.6,0.415,0.7919533837372652
0.2,0.6,0.42,0.7921442911064694
0.2,0.6,0.425,0.7923322107718225
0.2,0.6,0.43,0.7925172096424686
0.2,0.6,0.435,0.7926993524914092
0.2,0.6,0.44,0.7928787016186386
0.2,0.6,0.445,0.7930553180047278
0.2,0.6,0.45,0.7932292604558914
0.2,0.6,0.455,0.7934005859648592
0.2,0.6,0.46,0.793569349827238
0.2,0.6,0.465,0.7937356056299436
0.2,0.6,0.47,0.7938994054221393
0.2,0.6,0.475,0.7940607996511317
0.2,0.6,0.48,0.7942198373266444
0.2,0.6,0.485,0.7943765660618186
0.2,0.6,0.49,0.7945310320552688
0.2,0.6,0.495,0.7946832802162138
0.2,0.6,0.5,0.7948333541959818
0.2,0.6,0.505,0.794981296414656
0.2,0.6,0.51,0.795127148167429
0.2,0.6,0.515,0.7952709495317581
0.2,0.6,0.52,0.7954127395891948
0.2,0.6,0.525,0.795552556318143
0.2,0.6,0.53,0.7956904366824914
0.2,0.6,0.535,0.7958264167144486
0.2,0.6,0.54,0.7959605314381362
0.2,0.6,0.545,0.7960928150408173
0.2,0.6,0.55,0.7962233007552602
0.2,0.6,0.555,0.7963520210412272
0.2,0.6,0.56,0.7964790074440546
0.2,0.6,0.565,0.7966042908133686
0.2,0.6,0.57,0.7967279011573634
0.2,0.6,0.575,0.7968498677807141
0.2,0.6,0.58,0.7969702192501916
0.2,0.6,0.585,0.7970889834612428
0.2,0.6,0.59,0.7972061876433186
0.2,0.6,0.595,0.7973218583098567
0.2,0.6,0.6,0.7974360213985541
0.2,0.6,0.605,0.7975487022385309
0.2,0.6,0.61,0.7976599255624396
0.2,0.6,0.615,0.7977697154877803
0.2,0.6,0.62,0.7978780956310241
0.2,0.6,0.625,0.7979850890297285
0.2,0.6,0.63,0.7980907182072547
0.2,0.6,0.635,0.798195007824701
0.2,0.6,0.64,0.7982979778781778
0.2,0.6,0.645,0.7983996482520638
0.2,0.6,0.65,0.7985000395225343
0.2,0.6,0.655,0.7985991718413833
0.2,0.6,0.66,0.7986970648962776
0.2,0.6,0.665,0.7987937379600479
0.2,0.6,0.67,0.7988892098715836
0.2,0.6,0.675,0.7989834990914603
0.2,0.6,0.68,0.7990766237076196
0.2,0.6,0.685,0.7991686013748918
0.2,0.6,0.69,0.7992594494172002
0.2,0.6,0.695,0.7993491847599842
0.2,0.6,0.7,0.799437824028812
0.2,0.6,0.705,0.7995253834898463
0.2,0.6,0.71,0.7996118790801812
0.2,0.6,0.715,0.7996973264059836
0.2,0.6,0.72,0.799781740741568
0.2,0.6,0.725,0.7998651371116855
0.2,0.6,0.73,0.7999475301995027
0.2,0.6,0.735,0.8000289343855008
0.2,0.6,0.74,0.8001093638205119
0.2,0.6,0.745,0.8001888323402293
0.2,0.6,0.75,0.8002673534386822
0.2,0.6,0.755,0.8003449404967045
0.2,0.6,0.76,0.8004216066004997
0.2,0.6,0.765,0.8004973645400049
0.2,0.6,0.77,0.8005722269292256
0.2,0.6,0.775,0.8006462060574099
0.2,0.6,0.78,0.8007193140704698
0.2,0.6,0.785,0.8007915628147456
0.2,0.6,0.79,0.8008629639715934
0.2,0.6,0.795,0.800933528978918
0.2,0.6,0.8,0.801003269072236
0.2,0.6,0.805,0.8010721952997637
0.2,0.6,0.81,0.8011403184796095
0.2,0.6,0.815,0.8012076492364711
0.2,0.6,0.82,0.8012741980762506
0.2,0.6,0.825,0.8013399752265029
0.2,0.6,0.83,0.8014049907982067
0.2,0.6,0.835,0.8014692548043676
0.2,0.6,0.84,0.8015327768620156
0.2,0.6,0.845,0.8015955665323857
0.2,0.6,0.85,0.8016576332085996
0.2,0.6,0.855,0.8017189861381087
0.2,0.6,0.86,0.8017796343913443
0.2,0.6,0.865,0.8018395869186699
0.2,0.6,0.87,0.8018988524801254
0.2,0.6,0.875,0.8019574397008309
0.2,0.6,0.88,0.8020153570868184
0.2,0.6,0.885,0.8020726129477356
0.2,0.6,0.89,0.8021292155231526
0.2,0.6,0.895,0.8021851728561407
0.2,0.6,0.9,0.8022404929099158
0.2,0.6,0.905,0.8022951834670674
0.2,0.6,0.91,0.8023492522269193
0.2,0.6,0.915,0.802402706776299
0.2,0.6,0.92,0.8024555545030126
0.2,0.6,0.925,0.8025078027466301
0.2,0.6,0.93,0.8025594587011949
0.2,0.6,0.935,0.8026105294660344
0.2,0.6,0.94,0.8026610220422246
0.2,0.6,0.945,0.802710943261297
0.2,0.6,0.95,0.8027602998878579
0.2,0.6,0.955,0.8028090985888188
0.2,0.6,0.96,0.8028573459257918
0.2,0.6,0.965,0.8029050483502471
0.2,0.6,0.97,0.8029522121876713
0.2,0.6,0.975,0.8029988437138245
0.2,0.6,0.98,0.803044949102313
0.2,0.6,0.985,0.8030905344192548
0.2,0.6,0.99,0.8031356056421013
0.2,0.6,0.995,0.8031801686392556
0.2,0.6,1.0,0.803224229251023
0.2,0.75,0.0,0.7147722413399353
0.2,0.75,0.005,0.7156721851780454
0.2,0.75,0.01,0.7165421460048171
0.2,0.75,0.015,0.7173838883173566
0.2,0.75,0.02,0.7181987625027775
0.2,0.75,0.025,0.7189881302856688
0.2,0.75,0.03,0.7197532868859887
0.2,0.75,0.035,0.7204954439326755
0.2,0.75,0.04,0.7212157292822095
0.2,0.75,0.045,0.7219151913919266
0.2,0.75,0.05,0.7225948050295841
0.2,0.75,0.055,0.7232554781366826
0.2,0.75,0.06,0.7238980571857112
0.2,0.75,0.065,0.7245233326188024
0.2,0.75,0.07,0.7251320434671508
0.2,0.75,0.075,0.7257248818386489
0.2,0.75,0.08,0.7263024967303967
0.2,0.75,0.085,0.7268654976572169
0.2,0.75,0.09,0.727414457738839
0.2,0.75,0.095,0.7279499166519662
0.2,0.75,0.1,0.7284723831653881
0.2,0.75,0.105,0.7289823374461082
0.2,0.75,0.11,0.7294802333285597
0.2,0.75,0.115,0.7299665001144963
0.2,0.75,0.12,0.7304415443809332
0.2,0.75,0.125,0.7309057515552945
0.2,0.75,0.13,0.7313594874495459
0.2,0.75,0.135,0.7318030995178081
0.2,0.75,0.14,0.7322369180917083
0.2,0.75,0.145,0.7326612575599338
0.2,0.75,0.15,0.7330764173386856
0.2,0.75,0.155,0.7334826828321005
0.2,0.75,0.16,0.7338803263050657
0.2,0.75,0.165,0.7342696075070206
0.2,0.75,0.17,0.7346507746268076
0.2,0.75,0.175,0.7350240655053142
0.2,0.75,0.18,0.7353897073840392
0.2,0.75,0.185,0.7357479178148776
0.2,0.75,0.19,0.7360989051864555
0.2,0.75,0.195,0.7364428693613443
0.2,0.75,0.2,0.7367800020314338
0.2,0.75,0.205,0.7371104871680347
0.2,0.75,0.21,0.7374345015242276
0.2,0.75,0.215,0.7377522148977905
0.2,0.75,0.22,0.7380637905862142
0.2,0.75,0.225,0.7383693856663522
0.2,0.75,0.23,0.7386691513372375
0.2,0.75,0.235,0.7389632332737265
0.2,0.75,0.24,0.7392517718175429
0.2,0.75,0.245,0.7395349020372275
0.2,0.75,0.25,0.7398127543605927
0.2,0.75,0.255,0.7400854546119894
0.2,0.75,0.26,0.7403531241897794
0.2,0.75,0.265,0.7406158804106013
0.2,0.75,0.27,0.7408738365629968
0.2,0.75,0.275,0.7411271021189305
0.2,0.75,0.28,0.7413757829577813
0.2,0.75,0.285,0.7416199814654709
0.2,0.75,0.29,0.7418597967149179
0.2,0.75,0.295,0.742095324597087
0.2,0.75,0.3,0.7423266579624256
0.2,0.75,0.305,0.7425538867604102
0.2,0.75,0.31,0.7427770981346107
0.2,0.75,0.315,0.7429963765745893
0.2,0.75,0.32,0.7432118039599115
0.2,0.75,0.325,0.7434234597645977
0.2,0.75,0.33,0.743631421047433
0.2,0.75,0.335,0.743835762625476
0.2,0.75,0.34,0.7440365571918937
0.2,0.75,0.345,0.7442338751227056
0.2,0.75,0.35,0.7444277849967229
0.2,0.75,0.355,0.7446183533997829
0.2,0.75,0.36,0.7448056450414973
0.2,0.75,0.365,0.7449897228083914
0.2,0.75,0.37,0.7451706478779107
0.2,0.75,0.375,0.7453484797598506
0.2,0.75,0.38,0.7455232761109488
0.2,0.75,0.385,0.7456950934320148
0.2,0.75,0.39,0.7458639866522002
0.2,0.75,0.395,0.7460300091668932
0.2,0.75,0.4,0.7461932129935747
0.2,0.75,0.405,0.7463536487881589
0.2,0.75,0.41,0.7465113659289077
0.2,0.75,0.415,0.7466664125496347
0.2,0.75,0.42,0.7468188355105452
0.2,0.75,0.425,0.7469686805915452
0.2,0.75,0.43,0.7471159923469519
0.2,0.75,0.435,0.7472608143160802
0.2,0.75,0.44,0.7474031889412948
0.2,0.75,0.445,0.747543157641071
0.2,0.75,0.45,0.7476807608514607
0.2,0.75,0.455,0.7478160380307326
0.2,0.75,0.46,0.7479490277224627
0.2,0.75,0.465,0.748079767569347
0.2,0.75,0.47,0.7482082943284014
0.2,0.75,0.475,0.7483346439249879
0.2,0.75,0.48,0.7484588514434348
0.2,0.75,0.485,0.7485809511928935
0.2,0.75,0.49,0.7487009766039959
0.2,0.75,0.495,0.748818960635721
0.2,0.75,0.5,0.7489349352623202
0.2,0.75,0.505,0.7490489318352849
0.2,0.75,0.51,0.7491609810168594
0.2,0.75,0.515,0.749271112776596
0.2,0.75,0.52,0.7493793564725755
0.2,0.75,0.525,0.7494857408514657
0.2,0.75,0.53,0.7495902939978345
0.2,0.75,0.535,0.7496930434541323
0.2,0.75,0.54,0.7497940161661665
0.2,0.75,0.545,0.7498932384982603
0.2,0.75,0.55,0.7499907363180202
0.2,0.75,0.555,0.7500865349068598
0.2,0.75,0.56,0.7501806590683359
0.2,0.75,0.565,0.7502731331047918
0.2,0.75,0.57,0.7503639808122123
0.2,0.75,0.575,0.7504532255402069
0.2,0.75,0.58,0.7505408901108174
0.2,0.75,0.585,0.7506269969860074
0.2,0.75,0.59,0.7507115681229484
0.2,0.75,0.595,0.750794625030378
0.2,0.75,0.6,0.7508761889201034
0.2,0.75,0.605,0.7509562804944196
0.2,0.75,0.61,0.7510349200778869
0.2,0.75,0.615,0.751112127597789
0.2,0.75,0.62,0.7511879226717666
0.2,0.75,0.625,0.7512623244119384
0.2,0.75,0.63,0.7513353516580173
0.2,0.75,0.635,0.7514070229870932
0.2,0.75,0.64,0.7514773565593229
0.2,0.75,0.645,0.7515463702083631
0.2,0.75,0.65,0.7516140813947731
0.2,0.75,0.655,0.7516805073590204
0.2,0.75,0.66,0.7517456649623906
0.2,0.75,0.665,0.7518095707593273
0.2,0.75,0.67,0.7518722410664012
0.2,0.75,0.675,0.7519336918434231
0.2,0.75,0.68,0.7519939388417402
0.2,0.75,0.685,0.752052997486297
0.2,0.75,0.69,0.7521108829424845
0.2,0.75,0.695,0.752167610151997
0.2,0.75,0.7,0.7522231937431262
0.2,0.75,0.705,0.7522776481283155
0.2,0.75,0.71,0.752330987512904
0.2,0.75,0.715,0.7523832257780513
0.2,0.75,0.72,0.7524343766278134
0.2,0.75,0.725,0.752484453538258
0.2,0.75,0.73,0.7525334716880746
0.2,0.75,0.735,0.7525814421094925
0.2,0.75,0.74,0.7526283776304291
0.2,0.75,0.745,0.7526742908462428
0.2,0.75,0.75,0.7527191941528236
0.2,0.75,0.755,0.7527630997212431
0.2,0.75,0.76,0.7528060195122536
0.2,0.75,0.765,0.7528479653740596
0.2,0.75,0.77,0.7528889489820386
0.2,0.75,0.775,0.7529289817402579
0.2,0.75,0.78,0.7529680749228647
0.2,0.75,0.785,0.7530062395949868
0.2,0.75,0.79,0.753043486705559
0.2,0.75,0.795,0.7530798270150854
0.2,0.75,0.8,0.7531152710801604
0.2,0.75,0.805,0.7531498293003198
0.2,0.75,0.81,0.7531835119406567
0.2,0.75,0.815,0.7532163291020066
0.2,0.75,0.82,0.7532482907312056
0.2,0.75,0.825,0.7532794066257997
0.2,0.75,0.83,0.7533096864603108
0.2,0.75,0.835,0.7533391396969278
0.2,0.75,0.84,0.7533677757882048
0.2,0.75,0.845,0.7533956038906826
0.2,0.75,0.85,0.753422633148345
0.2,0.75,0.855,0.7534488725089253
0.2,0.75,0.86,0.7534743308058487
0.2,0.75,0.865,0.7534990167750504
0.2,0.75,0.87,0.7535229389686892
0.2,0.75,0.875,0.7535461058539654
0.2,0.75,0.88,0.7535685257984917
0.2,0.75,0.885,0.7535902070206391
0.2,0.75,0.89,0.753611157575322
0.2,0.75,0.895,0.7536313855250263
0.2,0.75,0.9,0.7536508987141683
0.2,0.75,0.905,0.753669704939251
0.2,0.75,0.91,0.7536878118441845
0.2,0.75,0.915,0.7537052270214858
0.2,0.75,0.92,0.7537219579097294
0.2,0.75,0.925,0.7537380118494361
0.2,0.75,0.93,0.7537533961241587
0.2,0.75,0.935,0.7537681178958545
0.2,0.75,0.94,0.7537821842046659
0.2,0.75,0.945,0.753795602025546
0.2,0.75,0.95,0.7538083782633042
0.2,0.75,0.955,0.7538205196635241
0.2,0.75,0.96,0.7538320329406767
0.2,0.75,0.965,0.7538429246686966
0.2,0.75,0.97,0.753853201416016
0.2,0.75,0.975,0.7538628695964941
0.2,0.75,0.98,0.7538719355726047
0.2,0.75,0.985,0.753880405630096
0.2,0.75,0.99,0.7538882859595094
0.2,0.75,0.995,0.7538955826321349
0.2,0.75,1.0,0.7539023017570673
0.2,0.9,0.0,0.714507419113401
0.2,0.9,0.005,0.7144816114797361
0.2,0.9,0.01,0.7144547496659502
0.2,0.9,0.015,0.7144269444043336
0.2,0.9,0.02,0.7143979575102637
0.2,0.9,0.025,0.7143677119368466
0.2,0.9,0.03,0.7143361803145797
0.2,0.9,0.035,0.7143033537547968
0.2,0.9,0.04,0.7142692301808935
0.2,0.9,0.045,0.7142338108376501
0.2,0.9,0.05,0.7141970992346557
0.2,0.9,0.055,0.7141590991952197
0.2,0.9,0.06,0.7141198156432618
0.2,0.9,0.065,0.7140792539159261
0.2,0.9,0.07,0.7140374198598156
0.2,0.9,0.075,0.7139943194124985
0.2,0.9,0.08,0.7139499586842963
0.2,0.9,0.085,0.7139043438172992
0.2,0.9,0.09,0.7138574810713272
0.2,0.9,0.095,0.7138093766964712
0.2,0.9,0.1,0.7137600369574348
0.2,0.9,0.105,0.7137094681079216
0.2,0.9,0.11,0.7136576763800198
0.2,0.9,0.115,0.7136046680015046
0.2,0.9,0.12,0.7135504491180512
0.2,0.9,0.125,0.7134950258931797
0.2,0.9,0.13,0.7134384043931932
0.2,0.9,0.135,0.7133805906563899
0.2,0.9,0.14,0.7133215907048784
0.2,0.9,0.145,0.7132614104279744
0.2,0.9,0.15,0.7132000557547248
0.2,0.9,0.155,0.713137532522931
0.2,0.9,0.16,0.7130738464767178
0.2,0.9,0.165,0.7130090033368269
0.2,0.9,0.17,0.7129430088143587
0.2,0.9,0.175,0.7128758685085789
0.2,0.9,0.18,0.7128075879819097
0.2,0.9,0.185,0.7127381727243215
0.2,0.9,0.19,0.7126676281962688
0.2,0.9,0.195,0.7125959598091591
0.2,0.9,0.2,0.712523172904204
0.2,0.9,0.205,0.7124492727488344
0.2,0.9,0.21,0.7123742645970605
0.2,0.9,0.215,0.7122981536333104
0.2,0.9,0.22,0.7122209449905187
0.2,0.9,0.225,0.7121426437403798
0.2,0.9,0.23,0.7120632549333228
0.2,0.9,0.235,0.7119827835374294
0.2,0.9,0.24,0.7119012344993539
0.2,0.9,0.245,0.7118186126613681
0.2,0.9,0.25,0.7117349228967536
0.2,0.9,0.255,0.7116501699780089
0.2,0.9,0.26,0.7115643586282091
0.2,0.9,0.265,0.7114774935628166
0.2,0.9,0.27,0.7113895793738393
0.2,0.9,0.275,0.7113006207384136
0.2,0.9,0.28,0.7112106221615004
0.2,0.9,0.285,0.7111195881690964
0.2,0.9,0.29,0.7110275232212759
0.2,0.9,0.295,0.7109344317311026
0.2,0.9,0.3,0.7108403180819656
0.2,0.9,0.305,0.7107451866050618
0.2,0.9,0.31,0.710649041588341
0.2,0.9,0.315,0.7105518873070462
0.2,0.9,0.32,0.7104537279505034
0.2,0.9,0.325,0.7103545677069902
0.2,0.9,0.33,0.7102544106866536
0.2,0.9,0.335,0.7101532609934406
0.2,0.9,0.34,0.7100511226691311
0.2,0.9,0.345,0.7099479997307915
0.2,0.9,0.35,0.7098438961701481
0.2,0.9,0.355,0.7097388159213786
0.2,0.9,0.36,0.7096327628651732
0.2,0.9,0.365,0.7095257409055546
0.2,0.9,0.37,0.7094177538336143
0.2,0.9,0.375,0.709308805466303
0.2,0.9,0.38,0.709198899584081
0.2,0.9,0.385,0.7090880398730366
0.2,0.9,0.39,0.7089762300403103
0.2,0.9,0.395,0.7088634737453745
0.2,0.9,0.4,0.7087497745957927
0.2,0.9,0.405,0.7086351362069155
0.2,0.9,0.41,0.7085195621169854
0.2,0.9,0.415,0.7084030558356823
0.2,0.9,0.42,0.7082856207888124
0.2,0.9,0.425,0.7081672605320662
0.2,0.9,0.43,0.7080479785044232
0.2,0.9,0.435,0.707927778099478
0.2,0.9,0.44,0.7078066626824622
0.2,0.9,0.445,0.7076846356071685
0.2,0.9,0.45,0.7075617001669267
0.2,0.9,0.455,0.7074378596637745
0.2,0.9,0.46,0.7073131173445024
0.2,0.9,0.465,0.7071874764263316
0.2,0.9,0.47,0.7070609401400693
0.2,0.9,0.475,0.7069335116709411
0.2,0.9,0.48,0.7068051941163692
0.2,0.9,0.485,0.7066759906108487
0.2,0.9,0.49,0.7065459042124632
0.2,0.9,0.495,0.7064149380039041
0.2,0.9,0.5,0.7062830950325437
0.2,0.9,0.505,0.7061503782944067
0.2,0.9,0.51,0.7060167907941977
0.2,0.9,0.515,0.7058823354835427
0.2,0.9,0.52,0.7057470152871532
0.2,0.9,0.525,0.7056108331413403
0.2,0.9,0.53,0.7054737919305007
0.2,0.9,0.535,0.7053358944843113
0.2,0.9,0.54,0.7051971436903325
0.2,0.9,0.545,0.7050575423418834
0.2,0.9,0.55,0.7049170932402423
0.2,0.9,0.555,0.7047757991713737
0.2,0.9,0.56,0.7046336628807297
0.2,0.9,0.565,0.7044906870908855
0.2,0.9,0.57,0.7043468745134936
0.2,0.9,0.575,0.7042022278543649
0.2,0.9,0.58,0.7040567497423965
0.2,0.9,0.585,0.7039104428305439
0.2,0.9,0.59,0.7037633097006483
0.2,0.9,0.595,0.7036153529268575
0.2,0.9,0.6,0.7034665751661269
0.2,0.9,0.605,0.7033169789838393
0.2,0.9,0.61,0.7031665669213294
0.2,0.9,0.615,0.7030153414857622
0.2,0.9,0.62,0.7028633052051907
0.2,0.9,0.625,0.7027104605460651
0.2,0.9,0.63,0.7025568099931747
0.2,0.9,0.635,0.7024023559910018
0.2,0.9,0.64,0.7022471009361057
0.2,0.9,0.645,0.7020910472642206
0.2,0.9,0.65,0.7019341973749225
0.2,0.9,0.655,0.7017765536381761
0.2,0.9,0.66,0.70161811839499
0.2,0.9,0.665,0.7014588940153622
0.2,0.9,0.67,0.7012988828012355
0.2,0.9,0.675,0.7011380870685936
0.2,0.9,0.68,0.7009765090919418
0.2,0.9,0.685,0.7008141511655314
0.2,0.9,0.69,0.7006510155212593
0.2,0.9,0.695,0.7004871044192904
0.2,0.9,0.7,0.7003224200893531
0.2,0.9,0.705,0.7001569646942185
0.2,0.9,0.71,0.6999907404872067
0.2,0.9,0.715,0.6998237496233947
0.2,0.9,0.72,0.6996559942930518
0.2,0.9,0.725,0.6994874765838707
0.2,0.9,0.73,0.6993181986939071
0.2,0.9,0.735,0.6991481626715323
0.2,0.9,0.74,0.6989773706692229
0.2,0.9,0.745,0.6988058247916591
0.2,0.9,0.75,0.6986335270994503
0.2,0.9,0.755,0.698460479663314
0.2,0.9,0.76,0.6982866845215226
0.2,0.9,0.765,0.6981121437406045
0.2,0.9,0.77,0.6979368596231658
0.2,0.9,0.775,0.6977608343417947
0.2,0.9,0.78,0.6975840694163347
0.2,0.9,0.785,0.6974065668059488
0.2,0.9,0.79,0.6972283285044518
0.2,0.9,0.795,0.6970493565003466
0.2,0.9,0.8,0.6968696527018174
0.2,0.9,0.805,0.6966892190437202
0.2,0.9,0.81,0.6965080574608795
0.2,0.9,0.815,0.6963261698680164
0.2,0.9,0.82,0.6961435581814053
0.2,0.9,0.825,0.6959602242264902
0.2,0.9,0.83,0.6957761699371807
0.2,0.9,0.835,0.6955913971837027
0.2,0.9,0.84,0.69540590777334
0.2,0.9,0.845,0.6952197035852334
0.2,0.9,0.85,0.6950327864476381
0.2,0.9,0.855,0.6948451581372902
0.2,0.9,0.86,0.6946568205282236
0.2,0.9,0.865,0.694467775384389
0.2,0.9,0.87,0.6942780245042226
0.2,0.9,0.875,0.6940875696889488
0.2,0.9,0.88,0.6938964126781175
0.2,0.9,0.885,0.6937045552336797
0.2,0.9,0.89,0.6935119991042217
0.2,0.9,0.895,0.6933187460428585
0.2,0.9,0.9,0.6931247977839287
0.2,0.9,0.905,0.6929301560332908
0.2,0.9,0.91,0.6927348224999214
0.2,0.9,0.915,0.6925387989040507
0.2,0.9,0.92,0.692342086923087
0.2,0.9,0.925,0.6921446882411548
0.2,0.9,0.93,0.691946604558338
0.2,0.9,0.935,0.6917478375061415
0.2,0.9,0.94,0.6915483887681863
0.2,0.9,0.945,0.6913482599901581
0.2,0.9,0.95,0.6911474528173526
0.2,0.9,0.955,0.6909459688560737
0.2,0.9,0.96,0.690743809749822
0.2,0.9,0.965,0.6905409771176743
0.2,0.9,0.97,0.6903374725834024
0.2,0.9,0.975,0.6901332977171168
0.2,0.9,0.98,0.6899284541313964
0.2,0.9,0.985,0.6897229433962824
0.2,0.9,0.99,0.6895167671030867
0.2,0.9,0.995,0.6893099268227408
0.2,0.9,1.0,0.6891024241138605
0.5,0.6,0.0,0.4684342896106256
0.5,0.6,0.005,0.48400952308202644
0.5,0.6,0.01,0.4938951983008719
0.5,0.6,0.015,0.5015280684905649
0.5,0.6,0.02,0.5078616620012921
0.5,0.6,0.025,0.513324797607287
0.5,0.6,0.03,0.5181538013501948
0.5,0.6,0.035,0.5224951745435442
0.5,0.6,0.04,0.5264470762376
0.5,0.6,0.045,0.5300790248415707
0.5,0.6,0.05,0.5334423527373664
0.5,0.6,0.055,0.5365762175430216
0.5,0.6,0.06,0.539511280764676
0.5,0.6,0.065,0.5422720723195026
0.5,0.6,0.07,0.544878571564663
0.5,0.6,0.075,0.5473473016276937
0.5,0.6,0.08,0.5496921073322842
0.5,0.6,0.085,0.5519247224756351
0.5,0.6,0.09,0.5540551908993578
0.5,0.6,0.095,0.5560921864351764
0.5,0.6,0.1,0.5580432592319714
0.5,0.6,0.105,0.559915027604879
0.5,0.6,0.11,0.561713330116447
0.5,0.6,0.115,0.5634433472308719
0.5,0.6,0.12,0.5651096997096063
0.5,0.6,0.125,0.5667165289549726
0.5,0.6,0.13,0.568267563087989
0.5,0.6,0.135,0.5697661719251783
0.5,0.6,0.14,0.5712154123321579
0.5,0.6,0.145,0.5726180698923742
0.5,0.6,0.15,0.5739766843003216
0.5,0.6,0.155,0.5752935862804809
0.5,0.6,0.16,0.5765709158336068
0.5,0.6,0.165,0.5778106446908526
0.5,0.6,0.17,0.5790145933327961
0.5,0.6,0.175,0.5801844474199769
0.5,0.6,0.18,0.581321770075791
0.5,0.6,0.185,0.5824280142572275
0.5,0.6,0.19,0.5835045335280745
0.5,0.6,0.195,0.5845525910484518
0.5,0.6,0.2,0.5855733675727272
0.5,0.6,0.205,0.5865679687536565
0.5,0.6,0.21,0.5875374315671245
0.5,0.6,0.215,0.588482729991174
0.5,0.6,0.22,0.5894047802550708
0.5,0.6,0.225,0.5903044453686164
0.5,0.6,0.23,0.5911825394172192
0.5,0.6,0.235,0.5920398308880053
0.5,0.6,0.24,0.592877046755995
0.5,0.6,0.245,0.5936948750492244
0.5,0.6,0.25,0.5944939678444661
0.5,0.6,0.255,0.5952749437058953
0.5,0.6,0.26,0.5960383901001706
0.5,0.6,0.265,0.5967848654495537
0.5,0.6,0.27,0.5975149011123466
0.5,0.6,0.275,0.5982290032452456
0.5,0.6,0.28,0.5989276537853953
0.5,0.6,0.285,0.5996113129589123
0.5,0.6,0.29,0.6002804203323392
0.5,0.6,0.295,0.6009353957804862
0.5,0.6,0.3,0.6015766407839814
0.5,0.6,0.305,0.6022045397388943
0.5,0.6,0.31,0.6028194605919713
0.5,0.6,0.315,0.6034217558656945
0.5,0.6,0.32,0.6040117637126461
0.5,0.6,0.325,0.6045898086961581
0.5,0.6,0.33,0.6051562023997932
0.5,0.6,0.335,0.6057112442367075
0.5,0.6,0.34,0.606255222040268
0.5,0.6,0.345,0.6067884126854199
0.5,0.6,0.35,0.6073110826645886
0.5,0.6,0.355,0.6078234885989153
0.5,0.6,0.36,0.6083258777669024
0.5,0.6,0.365,0.608818488515545
0.5,0.6,0.37,0.6093015507445189
0.5,0.6,0.375,0.6097752862939119
0.5,0.6,0.38,0.6102399094360698
0.5,0.6,0.385,0.6106956268263835
0.5,0.6,0.39,0.6111426384465557
0.5,0.6,0.395,0.611581137529319
0.5,0.6,0.4,0.6120113109718652
0.5,0.6,0.405,0.6124333395764899
0.5,0.6,0.41,0.6128473983714999
0.5,0.6,0.415,0.6132536568298605
0.5,0.6,0.42,0.6136522791201362
0.5,0.6,0.425,0.6140434243507523
0.5,0.6,0.43,0.6144272466772401
0.5,0.6,0.435,0.6148038956466799
0.5,0.6,0.44,0.6151735162359372
0.5,0.6,0.445,0.6155362495623768
0.5,0.6,0.45,0.615892232225911
0.5,0.6,0.455,0.6162415969674291
0.5,0.6,0.46,0.6165844727526358
0.5,0.6,0.465,0.6169209848958939
0.5,0.6,0.47,0.6172512551938676
0.5,0.6,0.475,0.6175754021174072
0.5,0.6,0.48,0.6178935408338866
0.5,0.6,0.485,0.6182057834535961
0.5,0.6,0.49,0.6185122390349068
0.5,0.6,0.495,0.6188130137723877
0.5,0.6,0.5,0.6191082122471562
0.5,0.6,0.505,0.6193979355122445
0.5,0.6,0.51,0.6196822800789794
0.5,0.6,0.515,0.6199613415934774
0.5,0.6,0.52,0.6202352132317415
0.5,0.6,0.525,0.6205039858897909
0.5,0.6,0.53,0.6207677482030611
0.5,0.6,0.535,0.6210265866256467
0.5,0.6,0.54,0.6212805855043253
0.5,0.6,0.545,0.621529827198494
0.5,0.6,0.55,0.6217743920494616
0.5,0.6,0.555,0.6220143586111075
0.5,0.6,0.56,0.6222498034019941
0.5,0.6,0.565,0.622480801353474
0.5,0.6,0.57,0.622707425511179
0.5,0.6,0.575,0.6229297473242376
0.5,0.6,0.58,0.62314783679073
0.5,0.6,0.585,0.6233617621455932
0.5,0.6,0.59,0.6235715902096299
0.5,0.6,0.595,0.6237773864255087
0.5,0.6,0.6,0.6239792146101749
0.5,0.6,0.605,0.6241771372975697
0.5,0.6,0.61,0.6243712156643861
0.5,0.6,0.615,0.6245615096838055
0.5,0.6,0.62,0.6247480777950645
0.5,0.6,0.625,0.6249309775417744
0.5,0.6,0.63,0.6251102651321693
0.5,0.6,0.635,0.6252859955973258
0.5,0.6,0.64,0.6254582229764906
0.5,0.6,0.645,0.6256270001065689
0.5,0.6,0.65,0.6257923787728703
0.5,0.6,0.655,0.6259544109192254
0.5,0.6,0.66,0.6261131454756498
0.5,0.6,0.665,0.6262686309641238
0.5,0.6,0.67,0.6264209152413367
0.5,0.6,0.675,0.6265700452488818
0.5,0.6,0.68,0.6267160670405254
0.5,0.6,0.685,0.6268590258024394
0.5,0.6,0.69,0.6269989658402284
0.5,0.6,0.695,0.6271359307228672
0.5,0.6,0.7,0.6272699631535082
0.5,0.6,0.705,0.627401105020845
0.5,0.6,0.71,0.6275293975360563
0.5,0.6,0.715,0.6276548810862809
0.5,0.6,0.72,0.6277775953907176
0.5,0.6,0.725,0.6278975794384287
0.5,0.6,0.73,0.6280148715268328
0.5,0.6,0.735,0.6281295092537624
0.5,0.6,0.74,0.6282415296178302
0.5,0.6,0.745,0.6283509689421153
0.5,0.6,0.75,0.6284578629018527
0.5,0.6,0.755,0.6285622466001956
0.5,0.6,0.76,0.6286641544774837
0.5,0.6,0.765,0.6287636204506013
0.5,0.6,0.77,0.6288606778261085
0.5,0.6,0.775,0.628955359359893
0.5,0.6,0.78,0.6290476972613191
0.5,0.6,0.785,0.6291377231636245
0.5,0.6,0.79,0.6292254682149381
0.5,0.6,0.795,0.6293109630692113
0.5,0.6,0.8,0.6293942378359222
0.5,0.6,0.805,0.6294753221468465
0.5,0.6,0.81,0.6295542451698419
0.5,0.6,0.815,0.6296310355215962
0.5,0.6,0.82,0.6297057214962563
0.5,0.6,0.825,0.6297783308591736
0.5,0.6,0.83,0.629848890982087
0.5,0.6,0.835,0.6299174287717441
0.5,0.6,0.84,0.6299839707752677
0.5,0.6,0.845,0.6300485431396178
0.5,0.6,0.85,0.6301111715889157
0.5,0.6,0.855,0.6301718815628896
0.5,0.6,0.86,0.6302306980546386
0.5,0.6,0.865,0.6302876457893019
0.5,0.6,0.87,0.6303427491312703
0.5,0.6,0.875,0.6303960321243856
0.5,0.6,0.88,0.6304475185268239
0.5,0.6,0.885,0.6304972317806293
0.5,0.6,0.89,0.6305451950545207
0.5,0.6,0.895,0.630591431265813
0.5,0.6,0.9,0.6306359630384704
0.5,0.6,0.905,0.6306788127678937
0.5,0.6,0.91,0.6307200025503785
0.5,0.6,0.915,0.6307595542843981
0.5,0.6,0.92,0.6307974895637161
0.5,0.6,0.925,0.6308338298280356
0.5,0.6,0.93,0.6308685961278617
0.5,0.6,0.935,0.6309018104065811
0.5,0.6,0.94,0.6309334927150476
0.5,0.6,0.945,0.6309636630764583
0.5,0.6,0.95,0.6309923416426405
0.5,0.6,0.955,0.6310195482545855
0.5,0.6,0.96,0.6310453023648328
0.5,0.6,0.965,0.6310696231123718
0.5,0.6,0.97,0.6310925291936316
0.5,0.6,0.975,0.6311140386713139
0.5,0.6,0.98,0.631134169086329
0.5,0.6,0.985,0.6311529370919885
0.5,0.6,0.99,0.6311703583854911
0.5,0.6,0.995,0.6311864474294168
0.5,0.6,1.0,0.6312012171902701
0.5,0.75,0.0,0.44772961092283614
0.5,0.75,0.005,0.4491446540938518
0.5,0.75,0.01,0.45052422018787647
0.5,0.75,0.015,0.4518697774500965
0.5,0.75,0.02,0.45318242029675987
0.5,0.75,0.025,0.4544632066068318
0.5,0.75,0.03,0.45571315479975966
0.5,0.75,0.035,0.45693323842226985
0.5,0.75,0.04,0.45812438507599135
0.5,0.75,0.045,0.4592874770987466
0.5,0.75,0.05,0.4604233541267791
0.5,0.75,0.055,0.46153281436655597
0.5,0.75,0.06,0.46261661817157496
0.5,0.75,0.065,0.46367548990643
0.5,0.75,0.07,0.46471012016180985
0.5,0.75,0.075,0.46572116775319156
0.5,0.75,0.08,0.4667092617191308
0.5,0.75,0.085,0.4676750028875172
0.5,0.75,0.09,0.46861896586274293
0.5,0.75,0.095,0.46954170057004996
0.5,0.75,0.1,0.47044373342941703
0.5,0.75,0.105,0.4713255687578565
0.5,0.75,0.11,0.4721876900839742
0.5,0.75,0.115,0.4730305612341093
0.5,0.75,0.12,0.4738546274929513
0.5,0.75,0.125,0.4746603164938001
0.5,0.75,0.13,0.47544803925839285
0.5,0.75,0.135,0.4762181910103678
0.5,0.75,0.14,0.47697115200902673
0.5,0.75,0.145,0.4777072883089047
0.5,0.75,0.15,0.47842695248441175
0.5,0.75,0.155,0.47913048430099126
0.5,0.75,0.16,0.4798182113198419
0.5,0.75,0.165,0.4804904497516562
0.5,0.75,0.17,0.48114750428259573
0.5,0.75,0.175,0.4817896693149889
0.5,0.75,0.18,0.482417229237655
0.5,0.75,0.185,0.48303045885208495
0.5,0.75,0.19,0.483629623827018
0.5,0.75,0.195,0.4842149811189684
0.5,0.75,0.2,0.4847867793286088
0.5,0.75,0.205,0.48534525910208604
0.5,0.75,0.21,0.4858906534286381
0.5,0.75,0.215,0.48642318806091006
0.5,0.75,0.22,0.4869430817129539
0.5,0.75,0.225,0.4874505464008322
0.5,0.75,0.23,0.4879457877441108
0.5,0.75,0.235,0.48842900519946736
0.5,0.75,0.24,0.48890039191662904
0.5,0.75,0.245,0.4893601361371001
0.5,0.75,0.25,0.4898084202891118
0.5,0.75,0.255,0.490245421586533
0.5,0.75,0.26,0.49067131213291504
0.5,0.75,0.265,0.4910862594318053
0.5,0.75,0.27,0.49149042589763536
0.5,0.75,0.275,0.4918839699332531
0.5,0.75,0.28,0.4922670454380015
0.5,0.75,0.285,0.49263980222174386
0.5,0.75,0.29,0.49300238608453284
0.5,0.75,0.295,0.4933549389870069
0.5,0.75,0.3,0.493697599183509
0.5,0.75,0.305,0.4940305013649169
0.5,0.75,0.31,0.49435377678282355
0.5,0.75,0.315,0.4946675533571404
0.5,0.75,0.32,0.49497195581135467
0.5,0.75,0.325,0.4952671057709568
0.5,0.75,0.33,0.4955531218765193
0.5,0.75,0.335,0.49583011988376774
0.5,0.75,0.34,0.49609821277294225
0.5,0.75,0.345,0.4963575108130325
0.5,0.75,0.35,0.49660812165444024
0.5,0.75,0.355,0.4968501502704538
0.5,0.75,0.36,0.4970836995853622
0.5,0.75,0.365,0.49730886995274454
0.5,0.75,0.37,0.4975257594543328
0.5,0.75,0.375,0.497734463973205
0.5,0.75,0.38,0.4979350772445082
0.5,0.75,0.385,0.4981276909687974
0.5,0.75,0.39,0.49831239481861533
0.5,0.75,0.395,0.49848927654674535
0.5,0.75,0.4,0.4986584213291021
0.5,0.75,0.405,0.49881991465489794
0.5,0.75,0.41,0.4989738381845277
0.5,0.75,0.415,0.499120272562208
0.5,0.75,0.42,0.4992592966194653
0.5,0.75,0.425,0.49939098773927876
0.5,0.75,0.43,0.49951542158537643
0.5,0.75,0.435,0.49963267259208605
0.5,0.75,0.44,0.49974281347137695
0.5,0.75,0.445,0.4998459190414165
0.5,0.75,0.45,0.49994205600023145
0.5,0.75,0.455,0.5000312930627981
0.5,0.75,0.46,0.500113697662099
0.5,0.75,0.465,0.5001893360541203
0.5,0.75,0.47,0.5002582730692323
0.5,0.75,0.475,0.5003205726089938
0.5,0.75,0.48,0.5003762973804879
0.5,0.75,0.485,0.5004255089696715
0.5,0.75,0.49,0.5004682678437992
0.5,0.75,0.495,0.5005046335108043
0.5,0.75,0.5,0.5005346644039157
0.5,0.75,0.505,0.5005584178618792
0.5,0.75,0.51,0.5005759507336569
0.5,0.75,0.515,0.5005873185323106
0.5,0.75,0.52,0.5005925759919616
0.5,0.75,0.525,0.5005917770194714
0.5,0.75,0.53,0.5005849746397133
0.5,0.75,0.535,0.5005722211069332
0.5,0.75,0.54,0.5005535678470308
0.5,0.75,0.545,0.5005290654255814
0.5,0.75,0.55,0.5004987638238043
0.5,0.75,0.555,0.5004627122219276
0.5,0.75,0.56,0.5004209589905908
0.5,0.75,0.565,0.5003735519046734
0.5,0.75,0.57,0.500320537899837
0.5,0.75,0.575,0.500261963183837
0.5,0.75,0.58,0.5001978733076368
0.5,0.75,0.585,0.5001283131167362
0.5,0.75,0.59,0.5000533267528069
0.5,0.75,0.595,0.4999729576123031
0.5,0.75,0.6,0.4998872483593916
0.5,0.75,0.605,0.4997962412345711
0.5,0.75,0.61,0.49969997768150387
0.5,0.75,0.615,0.49959849851940785
0.5,0.75,0.62,0.49949184393441004
0.5,0.75,0.625,0.49938005351730774
0.5,0.75,0.63,0.4992631656427062
0.5,0.75,0.635,0.4991412188030986
0.5,0.75,0.64,0.4990142513987772
0.5,0.75,0.645,0.4988823008632688
0.5,0.75,0.65,0.49874540406848916
0.5,0.75,0.655,0.49860359768303103
0.5,0.75,0.66,0.49845691781226703
0.5,0.75,0.665,0.4983053998617775
0.5,0.75,0.67,0.4981490790872305
0.5,0.75,0.675,0.49798799032972113
0.5,0.75,0.68,0.49782216810028895
0.5,0.75,0.685,0.4976516465368795
0.5,0.75,0.69,0.4974764595426236
0.5,0.75,0.695,0.4972966406465041
0.5,0.75,0.7,0.4971122231300248
0.5,0.75,0.705,0.49692323999669996
0.5,0.75,0.71,0.49672972402916393
0.5,0.75,0.715,0.4965317077280719
0.5,0.75,0.72,0.49632922358646414
0.5,0.75,0.725,0.49612230365491805
0.5,0.75,0.73,0.49591097981782056
0.5,0.75,0.735,0.4956952838382745
0.5,0.75,0.74,0.49547524732345416
0.5,0.75,0.745,0.49525090178410125
0.5,0.75,0.75,0.4950222785366753
0.5,0.75,0.755,0.49478940882780026
0.5,0.75,0.76,0.49455232376758584
0.5,0.75,0.765,0.4943110543611581
0.5,0.75,0.77,0.49406563155729144
0.5,0.75,0.775,0.4938160862057047
0.5,0.75,0.78,0.4935624490520215
0.5,0.75,0.785,0.49330475076503894
0.5,0.75,0.79,0.4930430219820386
0.5,0.75,0.795,0.4927772932238468
0.5,0.75,0.8,0.4925075949889304
0.5,0.75,0.805,0.49223395766010214
0.5,0.75,0.81,0.49195641159345954
0.5,0.75,0.815,0.49167498705772866
0.5,0.75,0.82,0.4913897142197217
0.5,0.75,0.825,0.4911006231311168
0.5,0.75,0.83,0.49080774372986435
0.5,0.75,0.835,0.4905111057313286
0.5,0.75,0.84,0.49021073921626546
0.5,0.75,0.845,0.4899066746149729
0.5,0.75,0.85,0.4895989397140686
0.5,0.75,0.855,0.4892875635638836
0.5,0.75,0.86,0.488972574710019
0.5,0.75,0.865,0.48865400089482436
0.5,0.75,0.87,0.48833186863247946
0.5,0.75,0.875,0.48800620262785
0.5,0.75,0.88,0.48767702477845126
0.5,0.75,0.885,0.4873443529849721
0.5,0.75,0.89,0.48700819924731875
0.5,0.75,0.895,0.4866685714333356
0.5,0.75,0.9,0.486325463718473
0.5,0.75,0.905,0.4859788632736501
0.5,0.75,0.91,0.4856287513038047
0.5,0.75,0.915,0.4852751101315941
0.5,0.75,0.92,0.4849179350909961
0.5,0.75,0.925,0.48455724639942266
0.5,0.75,0.93,0.4841930934643658
0.5,0.75,0.935,0.4838255481770849
0.5,0.75,0.94,0.48345469217085335
0.5,0.75,0.945,0.48308060312083584
0.5,0.75,0.95,0.4827033468639721
0.5,0.75,0.955,0.48232297543693414
0.5,0.75,0.96,0.48193952905489457
0.5,0.75,0.965,0.4815530344583758
0.5,0.75,0.97,0.4811635185530302
0.5,0.75,0.975,0.4807710086347716
0.5,0.75,0.98,0.48037552566778374
0.5,0.75,0.985,0.47997709054470883
0.5,0.75,0.99,0.47957572411407845
0.5,0.75,0.995,0.47917144686105734
0.5,0.75,1.0,0.47876427949899303
0.5,0.9,0.0,0.44706694261849833
0.5,0.9,0.005,0.44702697407081876
0.5,0.9,0.01,0.44698243666258014
0.5,0.9,0.015,0.44693354873910013
0.5,0.9,0.02,0.4468802348144832
0.5,0.9,0.025,0.4468224266414696
0.5,0.9,0.03,0.4467600803629639
0.5,0.9,0.035,0.4466931629802404
0.5,0.9,0.04,0.44662164641800556
0.5,0.9,0.045,0.44654550630372175
0.5,0.9,0.05,0.44646471905756324
0.5,0.9,0.055,0.4463792616138877
0.5,0.9,0.06,0.4462891114978519
0.5,0.9,0.065,0.4461942455662573
0.5,0.9,0.07,0.44609464105944147
0.5,0.9,0.075,0.44599027507325295
0.5,0.9,0.08,0.44588112460200996
0.5,0.9,0.085,0.4457671664469104
0.5,0.9,0.09,0.4456483772060179
0.5,0.9,0.095,0.44552473326097286
0.5,0.9,0.1,0.4453962107823188
0.5,0.9,0.105,0.44526278568080274
0.5,0.9,0.11,0.4451244336303168
0.5,0.9,0.115,0.4449811300300046
0.5,0.9,0.12,0.4448328500335154
0.5,0.9,0.125,0.4446795685143929
0.5,0.9,0.13,0.44452126007416826
0.5,0.9,0.135,0.44435789900311173
0.5,0.9,0.14,0.44418945937020693
0.5,0.9,0.145,0.4440159149125487
0.5,0.9,0.15,0.44383723910165535
0.5,0.9,0.155,0.443653405093111
0.5,0.9,0.16,0.44346438575346875
0.5,0.9,0.165,0.44327015365306216
0.5,0.9,0.17,0.4430706810631588
0.5,0.9,0.175,0.4428659399131617
0.5,0.9,0.18,0.4426559018625471
0.5,0.9,0.185,0.44244053810597467
0.5,0.9,0.19,0.44221981975204433
0.5,0.9,0.195,0.4419937175076333
0.5,0.9,0.2,0.44176220164918867
0.5,0.9,0.205,0.4415252424048703
0.5,0.9,0.21,0.44128280936076464
0.5,0.9,0.215,0.44103487193306823
0.5,0.9,0.22,0.44078139918687803
0.5,0.9,0.225,0.4405223598407239
0.5,0.9,0.23,0.440257722114662
0.5,0.9,0.235,0.4399874541746203
0.5,0.9,0.24,0.43971152371028993
0.5,0.9,0.245,0.4394298980654249
0.5,0.9,0.25,0.4391425441513734
0.5,0.9,0.255,0.4388494287452672
0.5,0.9,0.26,0.4385505180482852
0.5,0.9,0.265,0.43824577800399245
0.5,0.9,0.27,0.43793517418395667
0.5,0.9,0.275,0.43761867178742864
0.5,0.9,0.28,0.43729623564932063
0.5,0.9,0.285,0.43696783021443436
0.5,0.9,0.29,0.43663341957630886
0.5,0.9,0.295,0.4362929674879735
0.5,0.9,0.3,0.4359464372993327
0.5,0.9,0.305,0.43559379199441456
0.5,0.9,0.31,0.43523499407341887
0.5,0.9,0.315,0.4348700057699072
0.5,0.9,0.32,0.4344987889387118
0.5,0.9,0.325,0.4341213049977344
0.5,0.9,0.33,0.43373751654527315
0.5,0.9,0.335,0.4333473829351148
0.5,0.9,0.34,0.4329508641149791
0.5,0.9,0.345,0.4325479199055221
0.5,0.9,0.35,0.43213850978123747
0.5,0.9,0.355,0.43172259273833835
0.5,0.9,0.36,0.4313001274644912
0.5,0.9,0.365,0.4308710721488152
0.5,0.9,0.37,0.43043538460827674
0.5,0.9,0.375,0.42999302224020963
0.5,0.9,0.38,0.429543942053411
0.5,0.9,0.385,0.4290881005735048
0.5,0.9,0.39,0.42862545394462775
0.5,0.9,0.395,0.4281559578963497
0.5,0.9,0.4,0.42767956763974624
0.5,0.9,0.405,0.42719623803401047
0.5,0.9,0.41,0.42670592343989266
0.5,0.9,0.415,0.42620857775790494
0.5,0.9,0.42,0.42570415427294006
0.5,0.9,0.425,0.42519260617188925
0.5,0.9,0.43,0.42467388587416166
0.5,0.9,0.435,0.42414794545070256
0.5,0.9,0.44,0.42361473640975866
0.5,0.9,0.445,0.42307420977432075
0.5,0.9,0.45,0.42252631603690705
0.5,0.9,0.455,0.4219710051604555
0.5,0.9,0.46,0.42140822658638705
0.5,0.9,0.465,0.42083792919937224
0.5,0.9,0.47,0.4202600613596442
0.5,0.9,0.475,0.4196745708553219
0.5,0.9,0.48,0.41908140494542623
0.5,0.9,0.485,0.4184805103183406
0.5,0.9,0.49,0.4178718331050005
0.5,0.9,0.495,0.41725531888635664
0.5,0.9,0.5,0.41663091268475916
0.5,0.9,0.505,0.4159985589683243
0.5,0.9,0.51,0.4153582016532183
0.5,0.9,0.515,0.4147097841256915
0.5,0.9,0.52,0.41405324920215913
0.5,0.9,0.525,0.41338853922439844
0.5,0.9,0.53,0.4127155959931985
0.5,0.9,0.535,0.41203436067349736
0.5,0.9,0.54,0.41134477406277936
0.5,0.9,0.545,0.410646776415724
0.5,0.9,0.55,0.40994030745833837
0.5,0.9,0.555,0.40922530647193456
0.5,0.9,0.56,0.4085017122100931
0.5,0.9,0.565,0.4077694629472173
0.5,0.9,0.57,0.40702849655574186
0.5,0.9,0.575,0.40627875042531886
0.5,0.9,0.58,0.4055201614818743
0.5,0.9,0.585,0.40475266624154504
0.5,0.9,0.59,0.4039762007768778
0.5,0.9,0.595,0.4031907007147853
0.5,0.9,0.6,0.4023961012867266
0.5,0.9,0.605,0.40159233726567817
0.5,0.9,0.61,0.40077934300866747
0.5,0.9,0.615,0.39995705239457413
0.5,0.9,0.62,0.39912539884897824
0.5,0.9,0.625,0.39828431522821856
0.5,0.9,0.63,0.3974337338562102
0.5,0.9,0.635,0.3965735863641994
0.5,0.9,0.64,0.39570380369106467
0.5,0.9,0.645,0.3948243159167934
0.5,0.9,0.65,0.3939350520463516
0.5,0.9,0.655,0.3930359402222006
0.5,0.9,0.66,0.3921269085906689
0.5,0.9,0.665,0.3912078820364751
0.5,0.9,0.67,0.3902787850233295
0.5,0.9,0.675,0.3893395408456307
0.5,0.9,0.68,0.38839007151959914
0.5,0.9,0.685,0.3874302975114867
0.5,0.9,0.69,0.38646013763964526
0.5,0.9,0.695,0.3854795087116241
0.5,0.9,0.7,0.3844883249384496
0.5,0.9,0.705,0.3834864968665964
0.5,0.9,0.71,0.3824739304165522
0.5,0.9,0.715,0.38145052775637095
0.5,0.9,0.72,0.38041617931694643
0.5,0.9,0.725,0.37937077053641904
0.5,0.9,0.73,0.3783141803830016
0.5,0.9,0.735,0.37724628754088546
0.5,0.9,0.74,0.37616697998964715
0.5,0.9,0.745,0.3750761656366944
0.5,0.9,0.75,0.37397377762017736
0.5,0.9,0.755,0.37285976696584866
0.5,0.9,0.76,0.3717341004612045
0.5,0.9,0.765,0.37059673966287354
0.5,0.9,0.77,0.3694476350693744
0.5,0.9,0.775,0.36828672385006433
0.5,0.9,0.78,0.3671139303157114
0.5,0.9,0.785,0.36592917053994145
0.5,0.9,0.79,0.36473235411123345
0.5,0.9,0.795,0.3635233868029735
0.5,0.9,0.8,0.36230217262886055
0.5,0.9,0.805,0.36106861459871303
0.5,0.9,0.81,0.3598226149912577
0.5,0.9,0.815,0.35856407640457416
0.5,0.9,0.82,0.3572929017562059
0.5,0.9,0.825,0.35600899488080867
0.5,0.9,0.83,0.3547122585676735
0.5,0.9,0.835,0.35340259643502486
0.5,0.9,0.84,0.3520799105345499
0.5,0.9,0.845,0.35074409827116537
0.5,0.9,0.85,0.34939504671144217
0.5,0.9,0.855,0.3480326275583995
0.5,0.9,0.86,0.3466566758094626
0.5,0.9,0.865,0.345266991641542
0.5,0.9,0.87,0.34386335209553126
0.5,0.9,0.875,0.34244556919667474
0.5,0.9,0.88,0.3410135567808403
0.5,0.9,0.885,0.3395673300490092
0.5,0.9,0.89,0.3381069106684284
0.5,0.9,0.895,0.33663221549455546
0.5,0.9,0.9,0.3351430978353579
0.5,0.9,0.905,0.33363948439478475
0.5,0.9,0.91,0.33212133977321406
0.5,0.9,0.915,0.33058859228794263
0.5,0.9,0.92,0.32904113772005067
0.5,0.9,0.925,0.32747885437910107
0.5,0.9,0.93,0.3259016086021711
0.5,0.9,0.935,0.3243092791064291
0.5,0.9,0.94,0.3227017384799172
0.5,0.9,0.945,0.32107885978485917
0.5,0.9,0.95,0.3194405176015361
0.5,0.9,0.955,0.317786588290103
0.5,0.9,0.96,0.31611695019037706
0.5,0.9,0.965,0.3144314833755178
0.5,0.9,0.97,0.3127300698248292
0.5,0.9,0.975,0.31101259323703756
0.5,0.9,0.98,0.3092789390639329
0.5,0.9,0.985,0.3075289946950382
0.5,0.9,0.99,0.30576265043357675
0.5,0.9,0.995,0.3039798015648794
0.5,0.9,1.0,0.3021803523652516
0.8,0.6,0.0,0.21381453489013424
0.8,0.6,0.005,0.22577650292830742
0.8,0.6,0.01,0.23479778992151165
0.8,0.6,0.015,0.2422439491358041
0.8,0.6,0.02,0.2486688127924394
0.8,0.6,0.025,0.25436246049109923
0.8,0.6,0.03,0.25949932112902235
0.8,0.6,0.035,0.26419393138597247
0.8,0.6,0.04,0.26852627954301267
0.8,0.6,0.045,0.2725548153649175
0.8,0.6,0.05,0.2763237809295088
0.8,0.6,0.055,0.2798676231619034
0.8,0.6,0.06,0.2832137751965469
0.8,0.6,0.065,0.2863845026915782
0.8,0.6,0.07,0.28939816849322697
0.8,0.6,0.075,0.29227012561614185
0.8,0.6,0.08,0.29501336377256127
0.8,0.6,0.085,0.29763898805348266
0.8,0.6,0.09,0.30015657965061254
0.8,0.6,0.095,0.3025744721475443
0.8,0.6,0.1,0.30489996638547845
0.8,0.6,0.105,0.30713950275879903
0.8,0.6,0.11,0.30929879309432595
0.8,0.6,0.115,0.31138293232909325
0.8,0.6,0.12,0.3133964870567401
0.8,0.6,0.125,0.3153435687574122
0.8,0.6,0.13,0.31722789444526234
0.8,0.6,0.135,0.31905283777082655
0.8,0.6,0.14,0.3208214711985058
0.8,0.6,0.145,0.3225366022723317
0.8,0.6,0.15,0.3242008042901796
0.8,0.6,0.155,0.32581644262425347
0.8,0.6,0.16,0.3273856973472075
0.8,0.6,0.165,0.32891058285841046
0.8,0.6,0.17,0.33039296449151523
0.8,0.6,0.175,0.3318345745506258
0.8,0.6,0.18,0.33323702267640704
0.8,0.6,0.185,0.33460181131687317
0.8,0.6,0.19,0.33593034203853345
0.8,0.6,0.195,0.3372239262694412
0.8,0.6,0.2,0.33848379272254364
0.8,0.6,0.205,0.33971109476820716
0.8,0.6,0.21,0.3409069165182899
0.8,0.6,0.215,0.34207227860791023
0.8,0.6,0.22,0.3432081431744476
0.8,0.6,0.225,0.3443154185793573
0.8,0.6,0.23,0.34539496224482114
0.8,0.6,0.235,0.34644758699917355
0.8,0.6,0.24,0.34747406244499013
0.8,0.6,0.245,0.3484751188503197
0.8,0.6,0.25,0.3494514494837119
0.8,0.6,0.255,0.3504037133825998
0.8,0.6,0.26,0.3513325376775675
0.8,0.6,0.265,0.35223851972035125
0.8,0.6,0.27,0.3531222290619752
0.8,0.6,0.275,0.35398420912494816
0.8,0.6,0.28,0.35482497916176836
0.8,0.6,0.285,0.3556450355079402
0.8,0.6,0.29,0.3564448531084753
0.8,0.6,0.295,0.3572248865915785
0.8,0.6,0.3,0.3579855717563565
0.8,0.6,0.305,0.35872732659261763
0.8,0.6,0.31,0.3594505519187676
0.8,0.6,0.315,0.3601556333099088
0.8,0.6,0.32,0.3608429408351149
0.8,0.6,0.325,0.36151283078213947
0.8,0.6,0.33,0.36216564580103744
0.8,0.6,0.335,0.362801715836776
0.8,0.6,0.34,0.3634213588428523
0.8,0.6,0.345,0.36402488121208665
0.8,0.6,0.35,0.36461257830795424
0.8,0.6,0.355,0.3651847351568098
0.8,0.6,0.36,0.3657416268948396
0.8,0.6,0.365,0.3662835191035629
0.8,0.6,0.37,0.3668106680970591
0.8,0.6,0.375,0.36732332247283406
0.8,0.6,0.38,0.36782172278940106
0.8,0.6,0.385,0.3683060999346791
0.8,0.6,0.39,0.36877667885170873
0.8,0.6,0.395,0.36923367930425344
0.8,0.6,0.4,0.3696773199852823
0.8,0.6,0.405,0.37010782163274736
0.8,0.6,0.41,0.3705254153271458
0.8,0.6,0.415,0.3709303511413005
0.8,0.6,0.42,0.37132289870901014
0.8,0.6,0.425,0.3717033205106447
0.8,0.6,0.43,0.3720718231315371
0.8,0.6,0.435,0.37242854280256954
0.8,0.6,0.44,0.3727735734132555
0.8,0.6,0.445,0.3731070127859782
0.8,0.6,0.45,0.3734289838669646
0.8,0.6,0.455,0.3737396296077167
0.8,0.6,0.46,0.37403910576832033
0.8,0.6,0.465,0.3743275713626909
0.8,0.6,0.47,0.3746051842840825
0.8,0.6,0.475,0.37487209991321535
0.8,0.6,0.48,0.3751284702514021
0.8,0.6,0.485,0.3753744436763192
0.8,0.6,0.49,0.3756101649298213
0.8,0.6,0.495,0.37583577494453657
0.8,0.6,0.5,0.37605141255515573
0.8,0.6,0.505,0.3762572130227177
0.8,0.6,0.51,0.37645331017292105
0.8,0.6,0.515,0.37663983399072254
0.8,0.6,0.52,0.37681691241529025
0.8,0.6,0.525,0.37698467135888736
0.8,0.6,0.53,0.377143234816407
0.8,0.6,0.535,0.3772927248123963
0.8,0.6,0.54,0.377433261317198
0.8,0.6,0.545,0.37756496255765165
0.8,0.6,0.55,0.37768794526632055
0.8,0.6,0.555,0.3778023243757932
0.8,0.6,0.56,0.3779082132487448
0.8,0.6,0.565,0.37800572381107983
0.8,0.6,0.57,0.37809496654484664
0.8,0.6,0.575,0.3781760506173451
0.8,0.6,0.58,0.3782490840950009
0.8,0.6,0.585,0.3783141728411127
0.8,0.6,0.59,0.3783714225936976
0.8,0.6,0.595,0.378420937299901
0.8,0.6,0.6,0.3784628199524749
0.8,0.6,0.605,0.3784971725050749
0.8,0.6,0.61,0.3785240958043774
0.8,0.6,0.615,0.37854368970056246
0.8,0.6,0.62,0.3785560528241585
0.8,0.6,0.625,0.3785612829854248
0.8,0.6,0.63,0.37855947711420423
0.8,0.6,0.635,0.3785507312573777
0.8,0.6,0.64,0.3785351405984727
0.8,0.6,0.645,0.3785127959845628
0.8,0.6,0.65,0.37848378940085947
0.8,0.6,0.655,0.37844821757308716
0.8,0.6,0.66,0.37840617431722
0.8,0.6,0.665,0.37835775418247564
0.8,0.6,0.67,0.37830305209729975
0.8,0.6,0.675,0.3782421662017472
0.8,0.6,0.68,0.37817519647954106
0.8,0.6,0.685,0.3781022440545926
0.8,0.6,0.69,0.37802340987862626
0.8,0.6,0.695,0.3779387917914472
0.8,0.6,0.7,0.3778484809769789
0.8,0.6,0.705,0.377752558662779
0.8,0.6,0.71,0.3776510950148224
0.8,0.6,0.715,0.3775441426522655
0.8,0.6,0.72,0.3774317368944617
0.8,0.6,0.725,0.37731389471773713
0.8,0.6,0.73,0.37719064187829304
0.8,0.6,0.735,0.37706207422859706
0.8,0.6,0.74,0.3769283510874285
0.8,0.6,0.745,0.3767896654017838
0.8,0.6,0.75,0.3766461765504412
0.8,0.6,0.755,0.3764979948815148
0.8,0.6,0.76,0.3763452034772613
0.8,0.6,0.765,0.37618787759026184
0.8,0.6,0.77,0.37602609426550215
0.8,0.6,0.775,0.3758599381153247
0.8,0.6,0.78,0.37568949840382404
0.8,0.6,0.785,0.3755148669694012
0.8,0.6,0.79,0.3753361075159338
0.8,0.6,0.795,0.37515323717116406
0.8,0.6,0.8,0.3749661429470411
0.8,0.6,0.805,0.37477450632657144
0.8,0.6,0.81,0.37457807911433927
0.8,0.6,0.815,0.37437724568768127
0.8,0.6,0.82,0.3741726614852071
0.8,0.6,0.825,0.3739646818308727
0.8,0.6,0.83,0.3737533963040539
0.8,0.6,0.835,0.3735387946972883
0.8,0.6,0.84,0.3733208454943422
0.8,0.6,0.845,0.37309953364922566
0.8,0.6,0.85,0.372874858965783
0.8,0.6,0.855,0.37264684477431176
0.8,0.6,0.86,0.3724155387487396
0.8,0.6,0.865,0.37218101638594137
0.8,0.6,0.87,0.37194338388440296
0.8,0.6,0.875,0.37170278644656984
0.8,0.6,0.88,0.37145942197346465
0.8,0.6,0.885,0.37121333438611137
0.8,0.6,0.89,0.37096370557011565
0.8,0.6,0.895,0.3707110628057434
0.8,0.6,0.9,0.3704559425394064
0.8,0.6,0.905,0.37019835704079435
0.8,0.6,0.91,0.3699383183117463
0.8,0.6,0.915,0.36967586185582757
0.8,0.6,0.92,0.36941103387350904
0.8,0.6,0.925,0.36914388498209455
0.8,0.6,0.93,0.36887446907741084
0.8,0.6,0.935,0.36860284335452886
0.8,0.6,0.94,0.368329066024442
0.8,0.6,0.945,0.3680531976128604
0.8,0.6,0.95,0.36777530197639346
0.8,0.6,0.955,0.3674954488044402
0.8,0.6,0.96,0.36721372129387797
0.8,0.6,0.965,0.36693023468488173
0.8,0.6,0.97,0.3666451653435658
0.8,0.6,0.975,0.36635720633903573
0.8,0.6,0.98,0.36606866781991354
0.8,0.6,0.985,0.3657775453548933
0.8,0.6,0.99,0.36548504075793165
0.8,0.6,0.995,0.3651910994266665
0.8,0.6,1.0,0.3648957258881854
0.8,0.75,0.0,0.18068698050573698
0.8,0.75,0.005,0.18159728958480945
0.8,0.75,0.01,0.18249296028264886
0.8,0.75,0.015,0.18337414766876511
0.8,0.75,0.02,0.184240956340587
0.8,0.75,0.025,0.18509347338357912
0.8,0.75,0.03,0.18593177857901166
0.8,0.75,0.035,0.1867559472252051
0.8,0.75,0.04,0.1875660508027715
0.8,0.75,0.045,0.1883621571939742
0.8,0.75,0.05,0.1891443306981845
0.8,0.75,0.055,0.18991263200731032
0.8,0.75,0.06,0.19066711824673305
0.8,0.75,0.065,0.1914078431009334
0.8,0.75,0.07,0.19213485660571483
0.8,0.75,0.075,0.19284820529901497
0.8,0.75,0.08,0.1935479323693885
0.8,0.75,0.085,0.19423407762709122
0.8,0.75,0.09,0.19490667756792387
0.8,0.75,0.095,0.19556576540835666
0.8,0.75,0.1,0.19621137113184878
0.8,0.75,0.105,0.19684352158192764
0.8,0.75,0.11,0.19746224043997754
0.8,0.75,0.115,0.19806754831476558
0.8,0.75,0.12,0.19865946276574095
0.8,0.75,0.125,0.1992379984054685
0.8,0.75,0.13,0.19980316688145772
0.8,0.75,0.135,0.20035497674567274
0.8,0.75,0.14,0.2008934337342046
0.8,0.75,0.145,0.20141854059360514
0.8,0.75,0.15,0.20193029755311723
0.8,0.75,0.155,0.2024287018862603
0.8,0.75,0.16,0.20291374799630954
0.8,0.75,0.165,0.20338542764246953
0.8,0.75,0.17,0.20384372982476465
0.8,0.75,0.175,0.20428864082242731
0.8,0.75,0.18,0.20472014423731397
0.8,0.75,0.185,0.2051382209899304
0.8,0.75,0.19,0.20554284935775574
0.8,0.75,0.195,0.2059340050033799
0.8,0.75,0.2,0.20631166096800382
0.8,0.75,0.205,0.2066757876847414
0.8,0.75,0.21,0.2070263530019684
0.8,0.75,0.215,0.2073633221863214
0.8,0.75,0.22,0.20768665794653723
0.8,0.75,0.225,0.20799632030259582
0.8,0.75,0.23,0.20829226689795247
0.8,0.75,0.235,0.2085744528109034
0.8,0.75,0.24,0.20884283053280975
0.8,0.75,0.245,0.2090973500210567
0.8,0.75,0.25,0.20933795871722272
0.8,0.75,0.255,0.20956460154582618
0.8,0.75,0.26,0.20977722091565748
0.8,0.75,0.265,0.20997575656439837
0.8,0.75,0.27,0.210160145943561
0.8,0.75,0.275,0.21033032398154988
0.8,0.75,0.28,0.21048622293468858
0.8,0.75,0.285,0.21062777268884958
0.8,0.75,0.29,0.2107549005851012
0.8,0.75,0.295,0.21086753150652005
0.8,0.75,0.3,0.2109655878436843
0.8,0.75,0.305,0.21104898950348613
0.8,0.75,0.31,0.21111765515997483
0.8,0.75,0.315,0.21117150130284024
0.8,0.75,0.32,0.21121043879967405
0.8,0.75,0.325,0.21123437857497218
0.8,0.75,0.33,0.21124322958048575
0.8,0.75,0.335,0.21123689891194122
0.8,0.75,0.34,0.21121529199232783
0.8,0.75,0.345,0.21117831239688337
0.8,0.75,0.35,0.2111258628157014
0.8,0.75,0.355,0.21105784397615418
0.8,0.75,0.36,0.21097415401947256
0.8,0.75,0.365,0.21087468742570883
0.8,0.75,0.37,0.21075933700559007
0.8,0.75,0.375,0.21062799032253696
0.8,0.75,0.38,0.2104805295081686
0.8,0.75,0.385,0.21031683190192846
0.8,0.75,0.39,0.210136770068382
0.8,0.75,0.395,0.20994021164375287
0.8,0.75,0.4,0.20972702293303264
0.8,0.75,0.405,0.20949706501628212
0.8,0.75,0.41,0.20925019764942293
0.8,0.75,0.415,0.20898627918209456
0.8,0.75,0.42,0.2087051656118782
0.8,0.75,0.425,0.20840671132838123
0.8,0.75,0.43,0.20809076821776468
0.8,0.75,0.435,0.20775718764783357
0.8,0.75,0.44,0.20740581797546698
0.8,0.75,0.445,0.2070365067931135
0.8,0.75,0.45,0.2066490980151281
0.8,0.75,0.455,0.20624343486305885
0.8,0.75,0.46,0.205819358934692
0.8,0.75,0.465,0.20537670989468448
0.8,0.75,0.47,0.2049153260455462
0.8,0.75,0.475,0.20443504388951816
0.8,0.75,0.48,0.20393569811870654
0.8,0.75,0.485,0.2034171218464461
0.8,0.75,0.49,0.2028791461663681
0.8,0.75,0.495,0.202321600581699
0.8,0.75,0.5,0.20174431240976776
0.8,0.75,0.505,0.20114710749933187
0.8,0.75,0.51,0.200529810084692
0.8,0.75,0.515,0.19989224265514483
0.8,0.75,0.52,0.19923422633606214
0.8,0.75,0.525,0.19855558074538895
0.8,0.75,0.53,0.19785612409607817
0.8,0.75,0.535,0.19713567300044152
0.8,0.75,0.54,0.1963940412775108
0.8,0.75,0.545,0.19563103895941866
0.8,0.75,0.55,0.19484647111620762
0.8,0.75,0.555,0.19404013648812213
0.8,0.75,0.56,0.19321182744191834
0.8,0.75,0.565,0.19236132664556094
0.8,0.75,0.57,0.19148840817425672
0.8,0.75,0.575,0.19059283798660004
0.8,0.75,0.58,0.1896743771263565
0.8,0.75,0.585,0.18873279594221565
0.8,0.75,0.59,0.1877678953023631
0.8,0.75,0.595,0.18677951317618405
0.8,0.75,0.6,0.1857675087651312
0.8,0.75,0.605,0.1847317314482439
0.8,0.75,0.61,0.18367200794855498
0.8,0.75,0.615,0.18258814756313407
0.8,0.75,0.62,0.1814799511225738
0.8,0.75,0.625,0.18034721917822927
0.8,0.75,0.63,0.17918975336268372
0.8,0.75,0.635,0.1780073572240083
0.8,0.75,0.64,0.17679982726746757
0.8,0.75,0.645,0.1755669334099741
0.8,0.75,0.65,0.17430837070659697
0.8,0.75,0.655,0.17302374033426965
0.8,0.75,0.66,0.1717127600485365
0.8,0.75,0.665,0.17037548369177166
0.8,0.75,0.67,0.16901197426290815
0.8,0.75,0.675,0.1676220988427249
0.8,0.75,0.68,0.1662056494194079
0.8,0.75,0.685,0.16476241433185884
0.8,0.75,0.69,0.1632922057971937
0.8,0.75,0.695,0.16179486633289591
0.8,0.75,0.7,0.16027026706988085
0.8,0.75,0.705,0.1587183048995444
0.8,0.75,0.71,0.15713890646035814
0.8,0.75,0.715,0.15553197146136571
0.8,0.75,0.72,0.15389705287785743
0.8,0.75,0.725,0.15223428685375096
0.8,0.75,0.73,0.15054375859569333
0.8,0.75,0.735,0.14882537716309419
0.8,0.75,0.74,0.14707908824909097
0.8,0.75,0.745,0.14530486629919323
0.8,0.75,0.75,0.1435027097553537
0.8,0.75,0.755,0.14167264074582733
0.8,0.75,0.76,0.13981470585615988
0.8,0.75,0.765,0.13792897764367384
0.8,0.75,0.77,0.1360155568998091
0.8,0.75,0.775,0.13407457439161688
0.8,0.75,0.78,0.13210611698886754
0.8,0.75,0.785,0.13011044371982833
0.8,0.75,0.79,0.12808787622649775
0.8,0.75,0.795,0.12603864505472925
0.8,0.75,0.8,0.12396306163945232
0.8,0.75,0.805,0.12186149700550218
0.8,0.75,0.81,0.11973437720014408
0.8,0.75,0.815,0.11758218676430202
0.8,0.75,0.82,0.1154054734893097
0.8,0.75,0.825,0.11320485372430286
0.8,0.75,0.83,0.11098101796445586
0.8,0.75,0.835,0.10873473600084918
0.8,0.75,0.84,0.10646685704208945
0.8,0.75,0.845,0.10417838342268394
0.8,0.75,0.85,0.10187034800664001
0.8,0.75,0.855,0.0995439442454413
0.8,0.75,0.86,0.09720048394122635
0.8,0.75,0.865,0.09484136146529121
0.8,0.75,0.87,0.09246816587385881
0.8,0.75,0.875,0.0900826374363356
0.8,0.75,0.88,0.0876866850157834
0.8,0.75,0.885,0.08528239996742225
0.8,0.75,0.89,0.08287206856685464
0.8,0.75,0.895,0.08045819177028093
0.8,0.75,0.9,0.07804349326974591
0.8,0.75,0.905,0.07563092150816683
0.8,0.75,0.91,0.0732236692510953
0.8,0.75,0.915,0.07082519084312783
0.8,0.75,0.92,0.06843918918737388
0.8,0.75,0.925,0.06606962097901373
0.8,0.75,0.93,0.06372068824954541
0.8,0.75,0.935,0.06139682237101993
0.8,0.75,0.94,0.05910265780139526
0.8,0.75,0.945,0.05684299464338871
0.8,0.75,0.95,0.05462275002348278
0.8,0.75,0.955,0.05244689206532178
0.8,0.75,0.96,0.050320365706536314
0.8,0.75,0.965,0.048248011358882535
0.8,0.75,0.97,0.046234443214216256
0.8,0.75,0.975,0.04428396886770916
0.8,0.75,0.98,0.042400476153190265
0.8,0.75,0.985,0.04058733285633914
0.8,0.75,0.99,0.03884730876331978
0.8,0.75,0.995,0.03718248953549788
0.8,0.75,1.0,0.035594249939903067
0.8,0.9,0.0,0.17962646612359567
0.8,0.9,0.005,0.17960038016322427
0.8,0.9,0.01,0.1795698386139833
0.8,0.9,0.015,0.17953480772654087
0.8,0.9,0.02,0.17949523758748154
0.8,0.9,0.025,0.17945106744023967
0.8,0.9,0.03,0.17940223051658027
0.8,0.9,0.035,0.17934865712348524
0.8,0.9,0.04,0.17929027599179878
0.8,0.9,0.045,0.17922701474057406
0.8,0.9,0.05,0.1791587998539323
0.8,0.9,0.055,0.17908555708268786
0.8,0.9,0.06,0.17900721097986735
0.8,0.9,0.065,0.17892368459088173
0.8,0.9,0.07,0.17883489983786868
0.8,0.9,0.075,0.17874077729551605
0.8,0.9,0.08,0.17864123610175076
0.8,0.9,0.085,0.17853619400167256
0.8,0.9,0.09,0.17842556715861324
0.8,0.9,0.095,0.17830927013062733
0.8,0.9,0.1,0.17818721592789916
0.8,0.9,0.105,0.17805931592013102
0.8,0.9,0.11,0.1779254797998139
0.8,0.9,0.115,0.1777856155420904
0.8,0.9,0.12,0.17763962934010616
0.8,0.9,0.125,0.17748742556205954
0.8,0.9,0.13,0.17732890671369472
0.8,0.9,0.135,0.17716397355535962
0.8,0.9,0.14,0.17699252476064373
0.8,0.9,0.145,0.17681445707664473
0.8,0.9,0.15,0.17662966528982438
0.8,0.9,0.155,0.1764380421084133
0.8,0.9,0.16,0.17623947807065912
0.8,0.9,0.165,0.1760338616030453
0.8,0.9,0.17,0.1758210788565365
0.8,0.9,0.175,0.17560101372419767
0.8,0.9,0.18,0.17537354814816086
0.8,0.9,0.185,0.17513856234078015
0.8,0.9,0.19,0.17489593213085247
0.8,0.9,0.195,0.17464553199554847
0.8,0.9,0.2,0.17438723375800724
0.8,0.9,0.205,0.17412090671862346
0.8,0.9,0.21,0.1738464176629186
0.8,0.9,0.215,0.17356363062739918
0.8,0.9,0.22,0.1732724069137593
0.8,0.9,0.225,0.17297260505438872
0.8,0.9,0.23,0.17266408065331773
0.8,0.9,0.235,0.17234668644580467
0.8,0.9,0.24,0.17202027213278714
0.8,0.9,0.245,0.17168468434688777
0.8,0.9,0.25,0.1713397664794979
0.8,0.9,0.255,0.17098535874279538
0.8,0.9,0.26,0.1706212979528664
0.8,0.9,0.265,0.17024741740018767
0.8,0.9,0.27,0.16986354674393359
0.8,0.9,0.275,0.1694695119094671
0.8,0.9,0.28,0.16906513494010825
0.8,0.9,0.285,0.16865023388943262
0.8,0.9,0.29,0.1682246226800277
0.8,0.9,0.295,0.16778811105873492
0.8,0.9,0.3,0.16734050441369405
0.8,0.9,0.305,0.16688160374310546
0.8,0.9,0.31,0.1664112055038127
0.8,0.9,0.315,0.16592910161054208
0.8,0.9,0.32,0.1654350792953756
0.8,0.9,0.325,0.16492892109782314
0.8,0.9,0.33,0.1644104045784913
0.8,0.9,0.335,0.16387930257983588
0.8,0.9,0.34,0.1633353828985923
0.8,0.9,0.345,0.16277840791572534
0.8,0.9,0.35,0.16220813519102154
0.8,0.9,0.355,0.161624317113267
0.8,0.9,0.36,0.16102670012336134
0.8,0.9,0.365,0.16041502529757362
0.8,0.9,0.37,0.15978902814868587
0.8,0.9,0.375,0.1591484383951368
0.8,0.9,0.38,0.1584929799279409
0.8,0.9,0.385,0.15782237061940957
0.8,0.9,0.39,0.15713632226258162
0.8,0.9,0.395,0.1564345404788375
0.8,0.9,0.4,0.15571672462433356
0.8,0.9,0.405,0.15498256759639276
0.8,0.9,0.41,0.15423175601559314
0.8,0.9,0.415,0.1534639700532829
0.8,0.9,0.42,0.15267888351317024
0.8,0.9,0.425,0.15187616375289734
0.8,0.9,0.43,0.15105547151411686
0.8,0.9,0.435,0.15021646078401485
0.8,0.9,0.44,0.14935877860758054
0.8,0.9,0.445,0.14848206283171472
0.8,0.9,0.45,0.14758594095914704
0.8,0.9,0.455,0.14667002823775047
0.8,0.9,0.46,0.14573392448912634
0.8,0.9,0.465,0.1447772099633448
0.8,0.9,0.47,0.14379944247850734
0.8,0.9,0.475,0.14280014561585963
0.8,0.9,0.48,0.1417788035426154
0.8,0.9,0.485,0.1407348667401225
0.8,0.9,0.49,0.1396678050298269
0.8,0.9,0.495,0.1385771774336195
0.8,0.9,0.5,0.13746261733012183
0.8,0.9,0.505,0.13632374687703677
0.8,0.9,0.51,0.1351601290995367
0.8,0.9,0.515,0.13397127033123865
0.8,0.9,0.52,0.1327566433334758
0.8,0.9,0.525,0.13151570150884795
0.8,0.9,0.53,0.13024788522647082
0.8,0.9,0.535,0.12895262252412326
0.8,0.9,0.54,0.12762932460153426
0.8,0.9,0.545,0.12627737436499228
0.8,0.9,0.55,0.12489610669208533
0.8,0.9,0.555,0.12348480607488838
0.8,0.9,0.56,0.12204277354719198
0.8,0.9,0.565,0.12056942878707627
0.8,0.9,0.57,0.11906425333856983
0.8,0.9,0.575,0.11752660363769135
0.8,0.9,0.58,0.11595576053748077
0.8,0.9,0.585,0.11435107342792865
0.8,0.9,0.59,0.11271186329891933
0.8,0.9,0.595,0.11103741019694405
0.8,0.9,0.6,0.10932697973963292
0.8,0.9,0.605,0.1075798313774442
0.8,0.9,0.61,0.10579522403044431
0.8,0.9,0.615,0.10397241718875598
0.8,0.9,0.62,0.10211067102884441
0.8,0.9,0.625,0.10020924795420666
0.8,0.9,0.63,0.0982674171880188
0.8,0.9,0.635,0.09628446044192125
0.8,0.9,0.64,0.09425961508142791
0.8,0.9,0.645,0.09219196671751961
0.8,0.9,0.65,0.09008099989549162
0.8,0.9,0.655,0.08792616882584922
0.8,0.9,0.66,0.08572684564573659
0.8,0.9,0.665,0.08348246840411659
0.8,0.9,0.67,0.0811925562288034
0.8,0.9,0.675,0.07885672457726979
0.8,0.9,0.68,0.0764747073949417
0.8,0.9,0.685,0.07404638619266739
0.8,0.9,0.69,0.07157182683961127
0.8,0.9,0.695,0.06905132548374489
0.8,0.9,0.7,0.06648546568426997
0.8,0.9,0.705,0.06387518890213638
0.8,0.9,0.71,0.06122187645299837
0.8,0.9,0.715,0.05852753068791814
0.8,0.9,0.72,0.055794791290349116
0.8,0.9,0.725,0.05302725086818003
0.8,0.9,0.73,0.050229516968582494
0.8,0.9,0.735,0.04740763107767501
0.8,0.9,0.74,0.04456934233502838
0.8,0.9,0.745,0.04172449747873278
0.8,0.9,0.75,0.038885472389589386
0.8,0.9,0.755,0.03606760211656705
0.8,0.9,0.76,0.033289584961346576
0.8,0.9,0.765,0.030573520207975602
0.8,0.9,0.77,0.02794477764437089
0.8,0.9,0.775,0.025430842532919506
0.8,0.9,0.78,0.023059639042568088
0.8,0.9,0.785,0.02085666460173472
0.8,0.9,0.79,0.018841964037749036
0.8,0.9,0.795,0.017027403811972833
0.8,0.9,0.8,0.0154153353098993
0.8,0.9,0.805,0.013999056749579908
0.8,0.9,0.81,0.012764800135975904
0.8,0.9,0.815,0.011694443320613304
0.8,0.9,0.82,0.010768112806048146
0.8,0.9,0.825,0.009966167512339221
0.8,0.9,0.83,0.009270433624437706
0.8,0.9,0.835,0.008664803531929914
0.8,0.9,0.84,0.008135395528274372
0.8,0.9,0.845,0.0076704566210705795
0.8,0.9,0.85,0.007260140926158572
0.8,0.9,0.855,0.006896246268797977
0.8,0.9,0.86,0.0065719543767388915
0.8,0.9,0.865,0.006281595946915729
0.8,0.9,0.87,0.006020448106272081
0.8,0.9,0.875,0.005784564315319037
0.8,0.9,0.88,0.005570636131875366
0.8,0.9,0.885,0.005375875955783539
0.8,0.9,0.89,0.005197926364637034
0.8,0.9,0.895,0.00503478455683667
0.8,0.9,0.9,0.0048847411324654585
0.8,0.9,0.905,0.004746330573418847
0.8,0.9,0.91,0.004618290931247896
0.8,0.9,0.915,0.004499530902204335
0.8,0.9,0.92,0.004389102843258955
0.8,0.9,0.925,0.004286180572701665
0.8,0.9,0.93,0.0041900410339980165
0.8,0.9,0.935,0.0041000490887384425
0.8,0.9,0.94,0.004015644852937181
0.8,0.9,0.945,0.003936333108277464
0.8,0.9,0.95,0.003861674412588374
0.8,0.9,0.955,0.0037912776072770455
0.8,0.9,0.96,0.0037247934777819387
0.8,0.9,0.965,0.0036619093694272168
0.8,0.9,0.97,0.003602344598069263
0.8,0.9,0.975,0.003545846524291038
0.8,0.9,0.98,0.0034921871836721755
0.8,0.9,0.985,0.0034411603848411377
0.8,0.9,0.99,0.003392579202295503
0.8,0.9,0.995,0.003346273803584565
0.8,0.9,1.0,0.0033020895606280737
