V,eps,alpha,R
0.6,0.6,0.0,0.9999999999999996
0.6,0.6,0.01,0.9940161177639654
0.6,0.6,0.02,0.9880649455041972
0.6,0.6,0.03,0.9821472023372048
0.6,0.6,0.04,0.9762636169404337
0.6,0.6,0.05,0.9704149270511113
0.6,0.6,0.06,0.9646018789082634
0.6,0.6,0.07,0.9588252266356286
0.6,0.6,0.08,0.9530857315633363
0.6,0.6,0.09,0.9473841614864016
0.6,0.6,0.1,0.9417212898583157
0.6,0.6,0.11,0.9360978949182597
0.6,0.6,0.12,0.9305147587507777
0.6,0.6,0.13,0.9249726662770913
0.6,0.6,0.14,0.919472404177614
0.6,0.6,0.15,0.9140147597456642
0.6,0.6,0.16,0.9086005196728468
0.6,0.6,0.17,0.9032304687670915
0.6,0.6,0.18,0.8979053886048871
0.6,0.6,0.19,0.8926260561198615
0.6,0.6,0.2,0.8873932421304692
0.6,0.6,0.21,0.8822077098102271
0.6,0.6,0.22,0.8770702131046048
0.6,0.6,0.23,0.8719814950993999
0.6,0.6,0.24,0.8669422863461156
0.6,0.6,0.25,0.8619533031505918
0.6,0.6,0.26,0.8570152458318306
0.6,0.6,0.27,0.8521287969586476
0.6,0.6,0.28,0.8472946195724304
0.6,0.6,0.29,0.8425133554048938
0.6,0.6,0.3,0.8377856231002876
0.6,0.6,0.31,0.8331120164519827
0.6,0.6,0.32,0.828493102663788
0.6,0.6,0.33,0.8239294206466617
0.6,0.6,0.34,0.8194214793616994
0.6,0.6,0.35,0.8149697562203908
0.6,0.6,0.36,0.8105746955531222
0.6,0.6,0.37,0.806236707156776
0.6,0.6,0.38,0.8019561649319941
0.6,0.6,0.39,0.7977334056203023
0.6,0.6,0.4,0.7935687276507334
0.6,0.6,0.41,0.7894623901049651
0.6,0.6,0.42,0.7854146118091735
0.6,0.6,0.43,0.7814255705599397
0.6,0.6,0.44,0.7774954024905246
0.6,0.6,0.45,0.7736242015827545
0.6,0.6,0.46,0.7698120193285688
0.6,0.6,0.47,0.7660588645440831
0.6,0.6,0.48,0.7623647033377159
0.6,0.6,0.49,0.7587294592326534
0.6,0.6,0.5,0.7551530134426253
0.6,0.6,0.51,0.7516352052986693
0.6,0.6,0.52,0.748175832823327
0.6,0.6,0.53,0.7447746534475067
0.6,0.6,0.54,0.7414313848641326
0.6,0.6,0.55,0.7381457060116561
0.6,0.6,0.56,0.7349172581795623
0.6,0.6,0.57,0.7317456462271889
0.6,0.6,0.58,0.7286304399064499
0.6,0.6,0.59,0.7255711752784936
0.6,0.6,0.6,0.7225673562138533
0.6,0.6,0.61,0.7196184559653487
0.6,0.6,0.62,0.7167239188027962
0.6,0.6,0.63,0.713883161698523
0.6,0.6,0.64,0.7110955760527502
0.6,0.6,0.65,0.7083605294480728
0.6,0.6,0.66,0.7056773674225466
0.6,0.6,0.67,0.7030454152512714
0.6,0.6,0.68,0.7004639797268055
0.6,0.6,0.69,0.6979323509292915
0.6,0.6,0.7,0.6954498039777425
0.6,0.6,0.71,0.6930156007545974
0.6,0.6,0.72,0.6906289915963044
0.6,0.6,0.73,0.6882892169434056
0.6,0.6,0.74,0.6859955089442936
0.6,0.6,0.75,0.6837470930075339
0.6,0.6,0.76,0.6815431892983436
0.6,0.6,0.77,0.6793830141755178
0.6,0.6,0.78,0.6772657815657631
0.6,0.6,0.79,0.6751907042730384
0.6,0.6,0.8,0.6731569952211203
0.6,0.6,0.81,0.6711638686281792
0.6,0.6,0.82,0.6692105411126869
0.6,0.6,0.83,0.6672962327304699
0.6,0.6,0.84,0.6654201679431732
0.6,0.6,0.85,0.6635815765187986
0.6,0.6,0.86,0.661779694365352
0.6,0.6,0.87,0.6600137642989402
0.6,0.6,0.88,0.6582830367479469
0.6,0.6,0.89,0.656586770395145
0.6,0.6,0.9,0.6549242327598069
0.6,0.6,0.91,0.6532947007220288
0.6,0.6,0.92,0.6516974609916252
0.6,0.6,0.93,0.6501318105240371
0.6,0.6,0.94,0.6485970568857721
0.6,0.6,0.95,0.6470925185719382
0.6,0.6,0.96,0.6456175252784547
0.6,0.6,0.97,0.6441714181315166
0.6,0.6,0.98,0.6427535498768814
0.6,0.6,0.99,0.6413632850315036
0.6,0.6,1.0,0.64
0.6,0.8,0.0,1.0
0.6,0.8,0.01,0.9940060392092702
0.6,0.8,0.02,0.9880243153606424
0.6,0.8,0.03,0.9820550700755825
0.6,0.8,0.04,0.9760985501640981
0.6,0.8,0.05,0.9701550077165475
0.6,0.8,0.06,0.9642247001948783
0.6,0.8,0.07,0.9583078905230824
0.6,0.8,0.08,0.9524048471766399
0.6,0.8,0.09,0.9465158442706961
0.6,0.8,0.1,0.940641161646715
0.6,0.8,0.11,0.9347810849573094
0.6,0.8,0.12,0.9289359057489549
0.6,0.8,0.13,0.9231059215422478
0.6,0.8,0.14,0.9172914359093675
0.6,0.8,0.15,0.9114927585483604
0.6,0.8,0.16,0.9057102053538612
0.6,0.8,0.17,0.8999440984838186
0.6,0.8,0.18,0.8941947664217919
0.6,0.8,0.19,0.8884625440343396
0.6,0.8,0.2,0.8827477726230063
0.6,0.8,0.21,0.8770507999703833
0.6,0.8,0.22,0.8713719803796952
0.6,0.8,0.23,0.8657116747073296
0.6,0.8,0.24,0.8600702503877095
0.6,0.8,0.25,0.8544480814498735
0.6,0.8,0.26,0.8488455485251064
0.6,0.8,0.27,0.8432630388449315
0.6,0.8,0.28,0.8377009462287542
0.6,0.8,0.29,0.8321596710604244
0.6,0.8,0.3,0.8266396202529451
0.6,0.8,0.31,0.8211412072005615
0.6,0.8,0.32,0.8156648517174087
0.6,0.8,0.33,0.8102109799619114
0.6,0.8,0.34,0.8047800243460882
0.6,0.8,0.35,0.7993724234289146
0.6,0.8,0.36,0.7939886217928832
0.6,0.8,0.37,0.7886290699028957
0.6,0.8,0.38,0.7832942239466195
0.6,0.8,0.39,0.7779845456554462
0.6,0.8,0.4,0.7727005021051957
0.6,0.8,0.41,0.767442565495728
0.6,0.8,0.42,0.7622112129086404
0.6,0.8,0.43,0.7570069260422657
0.6,0.8,0.44,0.7518301909232052
0.6,0.8,0.45,0.7466814975936952
0.6,0.8,0.46,0.7415613397741393
0.6,0.8,0.47,0.7364702145002093
0.6,0.8,0.48,0.7314086217339879
0.6,0.8,0.49,0.7263770639486987
0.6,0.8,0.5,0.7213760456866692
0.6,0.8,0.51,0.7164060730902649
0.6,0.8,0.52,0.71146765340565
0.6,0.8,0.53,0.7065612944593465
0.6,0.8,0.54,0.7016875041076983
0.6,0.8,0.55,0.6968467896594922
0.6,0.8,0.56,0.692039657272133
0.6,0.8,0.57,0.6872666113219426
0.6,0.8,0.58,0.6825281537493142
0.6,0.8,0.59,0.6778247833796409
0.6,0.8,0.6,0.6731569952211203
0.6,0.8,0.61,0.6685252797407298
0.6,0.8,0.62,0.6639301221198725
0.6,0.8,0.63,0.6593720014913808
0.6,0.8,0.64,0.654851390159786
0.6,0.8,0.65,0.650368752806951
0.6,0.8,0.66,0.645924545685367
0.6,0.8,0.67,0.6415192158016209
0.6,0.8,0.68,0.6371532000927136
0.6,0.8,0.69,0.6328269245981041
0.6,0.8,0.7,0.6285408036305135
0.6,0.8,0.71,0.6242952389486872
0.6,0.8,0.72,0.6200906189354392
0.6,0.8,0.73,0.6159273177844352
0.6,0.8,0.74,0.6118056946992604
0.6,0.8,0.75,0.607726093108393
0.6,0.8,0.76,0.6036888398997561
0.6,0.8,0.77,0.5996942446785397
0.6,0.8,0.78,0.5957425990519755
0.6,0.8,0.79,0.5918341759447098
0.6,0.8,0.8,0.5879692289483507
0.6,0.8,0.81,0.5841479917086626
0.6,0.8,0.82,0.580370677353747
0.6,0.8,0.83,0.5766374779663872
0.6,0.8,0.84,0.5729485641035353
0.6,0.8,0.85,0.5693040843656948
0.6,0.8,0.86,0.5657041650186994
0.6,0.8,0.87,0.5621489096701128
0.6,0.8,0.88,0.5586383990021656
0.6,0.8,0.89,0.555172690562829
0.6,0.8,0.9,0.5517518186162804
0.6,0.8,0.91,0.5483757940536699
0.6,0.8,0.92,0.545044604364722
0.6,0.8,0.93,0.5417582136703539
0.6,0.8,0.94,0.5385165628161044
0.6,0.8,0.95,0.5353195695258105
0.6,0.8,0.96,0.5321671286146018
0.6,0.8,0.97,0.5290591122599319
0.6,0.8,0.98,0.5259953703290242
0.6,0.8,0.99,0.5229757307607935
0.6,0.8,1.0,0.52
0.8,0.6,0.0,0.9999999999999996
0.8,0.6,0.01,0.9920107960247065
0.8,0.6,0.02,0.9840437125840333
0.8,0.6,0.03,0.9760995679222492
0.8,0.6,0.04,0.9681792154793628
0.8,0.6,0.05,0.9602835453936341
0.8,0.6,0.06,0.952413486043986
0.8,0.6,0.07,0.9445700056287903
0.8,0.6,0.08,0.9367541137765705
0.8,0.6,0.09,0.9289668631830817
0.8,0.6,0.1,0.9212093512680122
0.8,0.6,0.11,0.9134827218431943
0.8,0.6,0.12,0.9057881667826275
0.8,0.6,0.13,0.898126927682922
0.8,0.6,0.14,0.8905002975008164
0.8,0.6,0.15,0.8829096221522986
0.8,0.6,0.16,0.8753563020555116
0.8,0.6,0.17,0.8678417935970635
0.8,0.6,0.18,0.8603676104985815
0.8,0.6,0.19,0.8529353250573793
0.8,0.6,0.2,0.8455465692319198
0.8,0.6,0.21,0.8382030355394304
0.8,0.6,0.22,0.8309064777295542
0.8,0.6,0.23,0.8236587111943855
0.8,0.6,0.24,0.8164616130716879
0.8,0.6,0.25,0.8093171219946133
0.8,0.6,0.26,0.8022272374379549
0.8,0.6,0.27,0.7951940186079979
0.8,0.6,0.28,0.7882195828205137
0.8,0.6,0.29,0.781306103309597
0.8,0.6,0.3,0.7744558064090231
0.8,0.6,0.31,0.7676709680478826
0.8,0.6,0.32,0.7609539095036325
0.8,0.6,0.33,0.7543069923586638
0.8,0.6,0.34,0.7477326126112964
0.8,0.6,0.35,0.7412331938989887
0.8,0.6,0.36,0.7348111798007558
0.8,0.6,0.37,0.7284690251974952
0.8,0.6,0.38,0.7222091866832226
0.8,0.6,0.39,0.7160341120372306
0.8,0.6,0.4,0.7099462287867114
0.8,0.6,0.41,0.7039479319113723
0.8,0.6,0.42,0.6980415707655125
0.8,0.6,0.43,0.692229435318528
0.8,0.6,0.44,0.6865137418410932
0.8,0.6,0.45,0.680896618190507
0.8,0.6,0.46,0.6753800888738669
0.8,0.6,0.47,0.6699660600907311
0.8,0.6,0.48,0.6646563049765349
0.8,0.6,0.49,0.6594524492830649
0.8,0.6,0.5,0.6543559577416268
0.8,0.6,0.51,0.6493681213571696
0.8,0.6,0.52,0.6444900458768478
0.8,0.6,0.53,0.6397226416638375
0.8,0.6,0.54,0.6350666151866075
0.8,0.6,0.55,0.630522462305637
0.8,0.6,0.56,0.626090463504508
0.8,0.6,0.57,0.621770681171513
0.8,0.6,0.58,0.6175629589929507
0.8,0.6,0.59,0.6134669234718176
0.8,0.6,0.6,0.6094819875376117
0.8,0.6,0.61,0.6056073561663412
0.8,0.6,0.62,0.6018420338864615
0.8,0.6,0.63,0.5981848340079609
0.8,0.6,0.64,0.5946343893795986
0.8,0.6,0.65,0.5911891644542634
0.8,0.6,0.66,0.5878474684252205
0.8,0.6,0.67,0.584607469186765
0.8,0.6,0.68,0.5814672078712682
0.8,0.6,0.69,0.578424613720233
0.8,0.6,0.7,0.5754775190588755
0.8,0.6,0.71,0.5726236741609031
0.8,0.6,0.72,0.5698607618113674
0.8,0.6,0.73,0.5671864113995486
0.8,0.6,0.74,0.5645982123995913
0.8,0.6,0.75,0.5620937271229853
0.8,0.6,0.76,0.5596705026530308
0.8,0.6,0.77,0.5573260818963148
0.8,0.6,0.78,0.5550580137094085
0.8,0.6,0.79,0.552863862079927
0.8,0.6,0.8,0.550741214359587
0.8,0.6,0.81,0.548687688562722
0.8,0.6,0.82,0.5467009397569081
0.8,0.6,0.83,0.5447786655829586
0.8,0.6,0.84,0.5429186109497238
0.8,0.6,0.85,0.5411185719550964
0.8,0.6,0.86,0.5393763990886065
0.8,0.6,0.87,0.5376899997732324
0.8,0.6,0.88,0.5360573403048597
0.8,0.6,0.89,0.5344764472473859
0.8,0.6,0.9,0.5329454083400669
0.8,0.6,0.91,0.531462372971554
0.8,0.6,0.92,0.5300255522723197
0.8,0.6,0.93,0.5286332188740672
0.8,0.6,0.94,0.5272837063813158
0.8,0.6,0.95,0.5259754085968502
0.8,0.6,0.96,0.5247067785391569
0.8,0.6,0.97,0.5234763272864615
0.8,0.6,0.98,0.5222826226785576
0.8,0.6,0.99,0.5211242879043585
0.8,0.6,1.0,0.52
0.8,0.8,0.0,1.0
0.8,0.8,0.01,0.9920040383438815
0.8,0.8,0.02,0.9840163095489279
0.8,0.8,0.03,0.9760370543321878
0.8,0.8,0.04,0.9680665223165038
0.8,0.8,0.05,0.9601049724157374
0.8,0.8,0.06,0.9521526732381792
0.8,0.8,0.07,0.9442099035089943
0.8,0.8,0.08,0.9362769525125888
0.8,0.8,0.09,0.928354120555812
0.8,0.8,0.1,0.920441719452935
0.8,0.8,0.11,0.9125400730333872
0.8,0.8,0.12,0.9046495176732395
0.8,0.8,0.13,0.8967704028514639
0.8,0.8,0.14,0.8889030917320122
0.8,0.8,0.15,0.8810479617727737
0.8,0.8,0.16,0.8732054053624884
0.8,0.8,0.17,0.8653758304866903
0.8,0.8,0.18,0.8575596614237684
0.8,0.8,0.19,0.8497573394722079
0.8,0.8,0.2,0.8419693237100695
0.8,0.8,0.21,0.8341960917877259
0.8,0.8,0.22,0.8264381407548349
0.8,0.8,0.23,0.8186959879224598
0.8,0.8,0.24,0.8109701717611868
0.8,0.8,0.25,0.8032612528359669
0.8,0.8,0.26,0.7955698147783012
0.8,0.8,0.27,0.7878964652962263
0.8,0.8,0.28,0.7802418372223756
0.8,0.8,0.29,0.7726065896001649
0.8,0.8,0.3,0.7649914088078891
0.8,0.8,0.31,0.7573970097201986
0.8,0.8,0.32,0.7498241369060693
0.8,0.8,0.33,0.7422735658619372
0.8,0.8,0.34,0.7347461042781901
0.8,0.8,0.35,0.7272425933366297
0.8,0.8,0.36,0.7197639090358715
0.8,0.8,0.37,0.7123109635409056
0.8,0.8,0.38,0.7048847065521936
0.8,0.8,0.39,0.6974861266887319
0.8,0.8,0.4,0.6901162528784268
0.8,0.8,0.41,0.6827761557479444
0.8,0.8,0.42,0.6754669490028417
0.8,0.8,0.43,0.668189790787323
0.8,0.8,0.44,0.6609458850113262
0.8,0.8,0.45,0.653736482630856
0.8,0.8,0.46,0.646562882865551
0.8,0.8,0.47,0.6394264343353586
0.8,0.8,0.48,0.6323285360959624
0.8,0.8,0.49,0.625270638550206
0.8,0.8,0.5,0.6182542442102665
0.8,0.8,0.51,0.6112809082827192
0.8,0.8,0.52,0.6043522390459857
0.8,0.8,0.53,0.5974698979869805
0.8,0.8,0.54,0.590635599661141
0.8,0.8,0.55,0.5838511112375264
0.8,0.8,0.56,0.5771182516883557
0.8,0.8,0.57,0.5704388905803689
0.8,0.8,0.58,0.5638149464238293
0.8,0.8,0.59,0.5572483845339924
0.8,0.8,0.6,0.550741214359587
0.8,0.8,0.61,0.5442954862334811
0.8,0.8,0.62,0.5379132875023761
0.8,0.8,0.63,0.5315967379953093
0.8,0.8,0.64,0.5253479847951043
0.8,0.8,0.65,0.519169196282859
0.8,0.8,0.66,0.513062555433275
0.8,0.8,0.67,0.5070302523481832
0.8,0.8,0.68,0.5010744760271204
0.8,0.8,0.69,0.49519740538721085
0.8,0.8,0.7,0.48940119955987216
0.8,0.8,0.71,0.4836879875087961
0.8,0.8,0.72,0.4780598570319727
0.8,0.8,0.73,0.4725188432298511
0.8,0.8,0.74,0.4670669165415536
0.8,0.8,0.75,0.4617059704707227
0.8,0.8,0.76,0.4564378091414259
0.8,0.8,0.77,0.4512641348417012
0.8,0.8,0.78,0.4461865357270233
0.8,0.8,0.79,0.4412064738673092
0.8,0.8,0.8,0.43632527382830394
0.8,0.8,0.81,0.4315441119805857
0.8,0.8,0.82,0.42686400672645713
0.8,0.8,0.83,0.4222858098263281
0.8,0.8,0.84,0.41781019899173666
0.8,0.8,0.85,0.41343767189210245
0.8,0.8,0.86,0.40916854169711026
0.8,0.8,0.87,0.405002934247037
0.8,0.8,0.88,0.4009407869103458
0.8,0.8,0.89,0.3969818491526544
0.8,0.8,0.9,0.3931256848050577
0.8,0.8,0.91,0.3893716759841203
0.8,0.8,0.92,0.38571902858196694
0.8,0.8,0.93,0.3821667792140606
0.8,0.8,0.94,0.3787138034854863
0.8,0.8,0.95,0.3753588254147176
0.8,0.8,0.96,0.3721004278374698
0.8,0.8,0.97,0.36893706360263573
0.8,0.8,0.98,0.3658670673674414
0.8,0.8,0.99,0.3628886677996117
0.8,0.8,1.0,0.35999999999999993
