0.5302083333333334
0.5326822916666667
0.5332403273809523
0.5351562500000001
0.5359375
0.5371837797619048
0.5404761904761906
0.5383556547619048
0.5186848958333332
0.5221447172619047
0.5231584821428571
0.5252976190476191
0.5256510416666667
0.5287109375
0.5311662946428571
0.5302083333333333
0.5403924851190476
0.5405598958333333
0.5423456101190476
0.5431547619047619
0.5435732886904762
0.5454148065476191
0.5474609375
0.547172619047619
0.14756324404761906
0.1470424107142857
0.1454799107142857
0.14561011904761906
0.1454799107142857
0.14527529761904762
0.1458705357142857
0.14521949404761902
0.1429222470238095
0.14233630952380952
0.1412202380952381
0.1416666666666667
0.14128534226190476
0.14090401785714285
0.14174107142857142
0.1415364583333333
0.15309709821428572
0.15105096726190478
0.14966517857142855
0.14974888392857144
0.14893973214285716
0.1489955357142857
0.14956287202380955
0.14929315476190474
