0.27894345238095236
0.2519903273809524
0.22886904761904758
0.21160714285714288
0.19427083333333334
0.17566964285714287
0.1607328869047619
0.1488839285714286
0.2640904017857143
0.23803943452380952
0.2126488095238095
0.19613095238095235
0.17675781250000003
0.1629092261904762
0.14853050595238096
0.1352957589285714
0.2924200148809524
0.2666387648809524
0.24093191964285715
0.22427455357142856
0.20710565476190476
0.18768601190476192
0.1732514880952381
0.16110491071428573
0.08218005952380952
0.07161458333333333
0.06363467261904761
0.057533482142857154
0.05143229166666666
0.046614583333333334
0.042652529761904756
0.03926711309523809
0.07516741071428572
0.06659226190476192
0.058221726190476185
0.05282738095238095
0.04702380952380953
0.043154761904761904
0.039434523809523815
0.036290922619047615
0.08913690476190476
0.07704613095238096
0.06877790178571427
0.06201636904761905
0.05572916666666666
0.05005580357142856
0.04543340773809524
0.042643229166666664
