0.3890811011904762
0.386328125
0.3842633928571429
0.3824590773809524
0.38279389880952386
0.3816964285714286
0.38271949404761907
0.38271949404761907
0.3789434523809524
0.3738560267857143
0.37159598214285716
0.370805431547619
0.37236793154761905
0.3687313988095238
0.37220982142857145
0.37013578869047614
0.40084635416666664
0.3972842261904762
0.3950334821428571
0.3927548363095238
0.393647693452381
0.3938523065476191
0.39364769345238093
0.3937220982142857
0.10783110119047618
0.10245535714285714
0.09918154761904763
0.09652157738095238
0.09497767857142857
0.09296875
0.09211309523809524
0.09036458333333333
0.10028831845238095
0.09704241071428572
0.09349888392857143
0.09158296130952381
0.09062500000000001
0.0882719494047619
0.08798363095238096
0.08604910714285716
0.11445312500000002
0.1084170386904762
0.1045200892857143
0.10125558035714284
0.09947916666666666
0.0972284226190476
0.09539620535714285
0.09497767857142857
